1000
0 -736.924
1 -82.6997
2 -562.082
3 357.729
4 869.386
5 38.8327
6 -930.856
7 59.4004
8 -984.604
9 -866.316
10 373.545
11 860.873
12 53.8576
13 307.838
14 402.381
15 524.396
16 -905.071
17 -343.532
18 512.821
19 -269.323
20 965.101
21 506.712
22 -854.628
23 769.414
24 -127.177
25 -44.5365
26 -450.186
27 -666.986
28 795.313
29 -878.871
30 9.04579
31 -361.934
32 -12.0466
33 -818.534
34 -852.502
35 -231.716
36 827.635
37 -71.1084
38 -899.832
39 540.409
40 -749.269
41 376.911
42 259.087
43 450.824
44 777.144
45 -387.356
46 26.5474
47 691.963
48 683.021
49 -169.211
50 -64.1653
51 -643.345
52 143.31
53 -933.892
54 -3.03976
55 496.585
56 781.475
57 684.079
58 -574.497
59 -739.145
60 -450.824
61 -171.413
62 419.639
63 -520.178
64 -364.921
65 304.117
66 362.692
67 -224.549
68 -704.934
69 691.151
70 910.818
71 -703.697
72 -182.467
73 129.797
74 -22.9709
75 922.19
76 -600.486
77 258.538
78 302.507
79 606.146
80 -47.1364
81 -593.499
82 803.347
83 -715.958
84 -179.374
85 771.297
86 -675.603
87 -269.322
88 -729.781
89 -89.3854
90 -95.3997
91 863.349
92 -569.503
93 817.844
94 721.72
95 11.9118
96 635.123
97 -75.51
98 265.477
99 649.395
100 404.413
101 908.83
102 -421.368
103 28.8693
104 -171.943
105 753.131
106 459.495
107 431.285
108 413.071
109 -961.815
110 49.9748
111 -869.612
112 -22.1137
113 364.098
114 833.268
115 780.037
116 -721.61
117 978.725
118 -107.953
119 29.3189
120 -120.549
121 613.3
122 -576.962
123 -692.791
124 232.701
125 -998.242
126 454.67
127 -164.553
128 361.124
129 672.84
130 657.416
131 -836.525
132 259.144
133 -572.906
134 -222.354
135 895.09
136 -461.571
137 -431.93
138 567.73
139 -435.688
140 -977.368
141 966.472
142 639.452
143 -203.713
144 -646.239
145 -684.538
146 -485.663
147 -796.725
148 269.435
149 589.54
150 505.881
151 266.86
152 196.433
153 -362.444
154 -765.126
155 52.2466
156 175.978
157 405.979
158 -676.625
159 720.451
160 113.672
161 -367.985
162 57.0965
163 176.238
164 -138.304
165 -259.547
166 -106.268
167 -224.338
168 -843.474
169 -492.155
170 352.474
171 457.217
172 889.506
173 880.326
174 -79.1317
175 322.711
176 211.279
177 -699.212
178 -312.365
179 45.6154
180 -970.099
181 285.958
182 835.695
183 940.173
184 687.951
185 -88.4968
186 -955.833
187 413.9
188 -126.723
189 503.42
190 391.358
191 507.725
192 -991.492
193 -840.166
194 806.602
195 493.358
196 -987.317
197 36.9568
198 88.0454
199 -568.348
200 253.723
201 418.64
202 -439.422
203 -256.181
204 -379.662
205 -792.405
206 551.761
207 -889.442
208 -679.452
209 -405.956
210 -44.3914
211 39.977
212 -699.377
213 667.364
214 155.552
215 -337.65
216 973.766
217 -996.685
218 -941.289
219 -20.6966
220 477.917
221 72.5335
222 -754.986
223 -623.448
224 228.251
225 -748.134
226 908.057
227 676.203
228 -481.972
229 -151.328
230 795.828
231 521.235
232 -96.2975
233 331.007
234 -580.875
235 93.9497
236 -648.051
237 -136.183
238 374.829
239 672.413
240 946.692
241 -839.294
242 538.875
243 -499.689
244 538.228
245 498.503
246 363.332
247 -927.265
248 -556.665
249 305.244
250 -257.069
251 -532.617
252 -668.145
253 -680.485
254 323.987
255 898.314
256 242.091
257 -964.111
258 443.743
259 -892.611
260 38.3497
261 -869.287
262 954.36
263 -341.888
264 486.548
265 -657.241
266 879.451
267 -490.085
268 -752.302
269 -679.834
270 -789.63
271 -262.876
272 -345.545
273 153.552
274 516.492
275 399.582
276 870.483
277 -275.833
278 -89.8552
279 -519.119
280 -156.843
281 -420.467
282 -567.228
283 54.8782
284 727.286
285 423.129
286 -234.357
287 -80.4745
288 590.705
289 -993.542
290 329.378
291 -626.351
292 -731.922
293 892.089
294 212.003
295 -305.017
296 19.3165
297 668.677
298 -341.131
299 263.527
300 -917.159
301 534.13
302 38.6064
303 -558.969
304 -822.015
305 412.923
306 -476.443
307 -243.268
308 -534.785
309 -61.003
310 954.477
311 -931.514
312 -936.722
313 183.176
314 -340.842
315 73.0565
316 -192.838
317 933.819
318 735.028
319 -703.219
320 279.047
321 863.829
322 630.814
323 145.613
324 890.501
325 -689.172
326 -312.773
327 -806.923
328 -955.19
329 713.752
330 349.049
331 396.921
332 -616.032
333 -308.257
334 -718.579
335 -556.687
336 172.032
337 -947.321
338 524.688
339 -845.351
340 851.006
341 -139.108
342 662.512
343 203.275
344 38.6733
345 -677.161
346 148.721
347 62.8546
348 334.099
349 97.4726
350 335.931
351 143.165
352 -117.374
353 4.54946
354 -936.687
355 44.1269
356 -929.881
357 -785.639
358 103.659
359 222.221
360 544.061
361 -26.6377
362 393.991
363 -26.301
364 420.9
365 -446.706
366 -439.793
367 60.9791
368 -529.195
369 194.952
370 840.505
371 642.355
372 -539.461
373 799.042
374 303.029
375 871.872
376 717.532
377 904.862
378 -754.1
379 404.943
380 -784.522
381 -800.269
382 -310.847
383 515.242
384 -338.483
385 146.366
386 -595.036
387 948.696
388 -16.3185
389 609.825
390 -680.84
391 -701.497
392 -238.783
393 -151.733
394 302.589
395 -879.715
396 795.314
397 802.436
398 -658.408
399 -937.192
400 44.4293
401 -445.604
402 173.724
403 623.791
404 879.743
405 159.725
406 761.568
407 -620.903
408 437.839
409 -854.262
410 758.12
411 -820.294
412 -166.407
413 349.386
414 626.094
415 538.72
416 793.048
417 -27.0586
418 -245.031
419 375.156
420 -846.356
421 -44.7184
422 -523.961
423 951.762
424 362.398
425 -275.2
426 588.556
427 -852.978
428 -32.2543
429 -0.685338
430 865.687
431 -707.609
432 -839.356
433 -183.645
434 926.32
435 -603.84
436 -607.385
437 151.358
438 171.349
439 -263.595
440 200.265
441 -702.425
442 990.801
443 -194.52
444 639.054
445 -251.501
446 -40.4428
447 292.99
448 598.07
449 -284.656
450 -331.386
451 -710.205
452 333.713
453 -370.602
454 204.499
455 841.659
456 33.0629
457 -471.733
458 667.296
459 269.239
460 -83.9083
461 -688.254
462 331.946
463 589.762
464 -422.691
465 -358.777
466 438.31
467 -536.209
468 -253.281
469 -852.299
470 132.365
471 -154.895
472 -413.913
473 -284.949
474 178.838
475 -73.8826
476 888.904
477 -899.037
478 191.854
479 728.343
480 -790.841
481 666.756
482 317.187
483 -962.168
484 -610.642
485 46.1449
486 439.59
487 674.164
488 319.775
489 286.053
490 69.7524
491 -353.142
492 -115.259
493 -446.665
494 -765.524
495 672.751
496 -334.143
497 71.9127
498 859.78
499 -513.543
500 193.446
501 -506.053
502 -607.644
503 671.994
504 246.485
505 343.296
506 742.568
507 -768.787
508 352.131
509 -90.9057
510 -935.461
511 710.165
512 322.851
513 -880.08
514 -441.014
515 -647.16
516 794.489
517 188.318
518 381.863
519 138.68
520 -130.994
521 -593.683
522 -455.114
523 -511.4
524 -46.0966
525 922.872
526 -565.18
527 564.949
528 920.11
529 146.8
530 -741.914
531 3.70749
532 10.118
533 -763.205
534 337.809
535 -226.585
536 662.193
537 -753.111
538 296.151
539 697.391
540 -788.875
541 -278.065
542 438.409
543 161.939
544 -685.691
545 -661.781
546 342.703
547 773.021
548 -316.304
549 399.278
550 583.965
551 -435.561
552 -660.078
553 -853.633
554 500.342
555 -670.801
556 546.405
557 -132.143
558 858.643
559 -467.426
560 585.56
561 -572.168
562 -238.745
563 857.055
564 233.126
565 -287.332
566 -604.199
567 582.281
568 -963.498
569 -770.941
570 309.258
571 -235.174
572 -337.417
573 828.736
574 -213.098
575 663.102
576 -740.781
577 884.139
578 -295.879
579 143.783
580 688.403
581 634.634
582 -129.249
583 -301.686
584 838.237
585 489.16
586 552.835
587 224.115
588 -370.785
589 -748.156
590 -733.413
591 -747.938
592 501.05
593 -82.1725
594 -530.648
595 367.892
596 708.473
597 -759.647
598 888.385
599 -879.475
600 -717.641
601 -545.023
602 198.388
603 -892.546
604 624.61
605 -936.323
606 948.934
607 342.159
608 -523.566
609 179.416
610 -544.475
611 -104.372
612 866.011
613 26.9979
614 719.021
615 218.936
616 248.01
617 288.78
618 -947.999
619 -584.501
620 120.649
621 -758.619
622 -724.569
623 85.2006
624 773.199
625 -274.814
626 -401.578
627 826.004
628 940.598
629 595.745
630 -102.559
631 387.852
632 -63.5814
633 -196.891
634 -65.5824
635 35.191
636 798.535
637 -726.012
638 378.268
639 -181.443
640 -937.49
641 -614.707
642 -450.263
643 -182.747
644 444.586
645 265.877
646 -999.449
647 -307.137
648 -15.5852
649 -362.901
650 -723.996
651 -226.174
652 -887.73
653 531.064
654 923.841
655 998.184
656 -300.435
657 -601.999
658 85.649
659 -596.766
660 27.518
661 216.04
662 596.901
663 -706.657
664 47.569
665 143.254
666 357.419
667 689.281
668 -335.855
669 488.149
670 -194.433
671 110.905
672 229.003
673 227.852
674 -920.673
675 -313.021
676 -657.213
677 -152.309
678 460.745
679 -268.712
680 -826.788
681 -163.669
682 -349.475
683 127.967
684 63.7204
685 -879.517
686 -779.736
687 99.03
688 -745.526
689 -881.306
690 835.954
691 717.022
692 98.6047
693 692.651
694 328.691
695 946.386
696 -681.307
697 -433.335
698 195.913
699 -874.228
700 898.788
701 -435.538
702 -138.351
703 -602.739
704 518.393
705 345.478
706 366.73
707 -663.035
708 841.871
709 -992.363
710 -643.696
711 336.547
712 34.9644
713 -66.0652
714 -812.713
715 -109.758
716 304.093
717 764.701
718 -592.173
719 -967.851
720 -781.834
721 122.266
722 -509.011
723 -939.92
724 772.703
725 94.8025
726 -25.9042
727 873.217
728 97.813
729 506.674
730 -655.083
731 -239.147
732 934.076
733 -397.221
734 780.906
735 -499.288
736 679.113
737 416.958
738 52.6002
739 -816.933
740 564.261
741 -384.282
742 513.253
743 290.692
744 -691.535
745 -89.6016
746 -675.144
747 -181.885
748 -665.429
749 970.862
750 -332.86
751 -291.347
752 -355.699
753 282.752
754 -924.634
755 -843.572
756 -17.756
757 -494.563
758 317.228
759 -996.671
760 -798.26
761 911.031
762 -669.187
763 -767.116
764 921.912
765 -559.219
766 -490.874
767 -513.978
768 98.4569
769 703.299
770 115.221
771 803.993
772 519.395
773 996.58
774 -249.92
775 491.044
776 532.627
777 283.33
778 -795.064
779 726.721
780 861.95
781 -417.668
782 950.8
783 661.338
784 -620.756
785 530.418
786 -935.322
787 -249.126
788 -613.705
789 193.895
790 98.957
791 553.968
792 416.797
793 767.129
794 989.322
795 -0.453702
796 496.87
797 379.415
798 -657.546
799 -434.345
800 821.706
801 -201.384
802 804.987
803 96.7303
804 -473.695
805 -528.332
806 -328.789
807 -94.2337
808 334.209
809 638.41
810 83.5925
811 492.568
812 517.398
813 -186.5
814 404.559
815 322.355
816 -447.213
817 -397.074
818 908.583
819 804.608
820 948.48
821 -180.084
822 592.076
823 204.013
824 -780.146
825 -853.923
826 -233.238
827 -218.134
828 118.218
829 398.059
830 -977.714
831 -225.234
832 131.38
833 -462.829
834 -676.759
835 616.62
836 -616.658
837 296.309
838 -854.29
839 -242.09
840 -13.4905
841 -567.509
842 -293.747
843 784.298
844 -121.699
845 964.336
846 153.276
847 -713.511
848 -0.329667
849 -834.805
850 -654.146
851 -250.757
852 -670.631
853 -509.146
854 582.313
855 -498.508
856 99.6274
857 30.5809
858 -296.262
859 -175.579
860 831.375
861 137.264
862 -198.954
863 612.71
864 -913.186
865 -739.802
866 938.44
867 -585.582
868 661.366
869 -387.877
870 969.844
871 -334.263
872 -835.211
873 363.312
874 -591.694
875 -672.127
876 -605.07
877 743.653
878 -818.509
879 -505.949
880 34.1396
881 735.983
882 193.405
883 973.458
884 645.597
885 372.862
886 255.997
887 -206.689
888 -159.897
889 -44.4826
890 627.245
891 -410.414
892 -51.3597
893 -141.517
894 -71.9343
895 316.129
896 124.612
897 335.247
898 304.93
899 -440.616
900 -989.637
901 -881.606
902 -570.681
903 -492.677
904 476.325
905 -53.6193
906 846.123
907 -498.691
908 367.819
909 -52.1558
910 12.7801
911 670.133
912 946.203
913 -702.593
914 -207.024
915 541.236
916 -91.0432
917 272.642
918 484.004
919 -455.729
920 -639.184
921 575.414
922 -845.49
923 682.232
924 889.621
925 891.926
926 -245.642
927 657.41
928 -542.798
929 722.859
930 909.303
931 738.027
932 500.208
933 -165.085
934 -192.585
935 -275.885
936 -592.148
937 647.159
938 931.673
939 -166.321
940 449.927
941 -169.799
942 206.72
943 974.86
944 -991.596
945 -739.645
946 355.665
947 -526.334
948 361.487
949 -708.014
950 197.559
951 -852.576
952 -594.072
953 465.197
954 916.43
955 480.954
956 -569.106
957 678.32
958 -562.751
959 -458.597
960 671.69
961 245.628
962 -84.5351
963 450.469
964 -174.328
965 -795.485
966 -128.455
967 -515.044
968 263.685
969 89.2805
970 -842.118
971 -903.471
972 -59.3397
973 -323.095
974 707.596
975 -442.873
976 406.664
977 740.752
978 -636.038
979 61.8612
980 450.583
981 -529.346
982 -524.507
983 644.601
984 735.777
985 -922.68
986 -24.5756
987 -289.495
988 -669.914
989 -379.345
990 -699.258
991 813.414
992 183.429
993 658.662
994 -577.315
995 164.234
996 -689.883
997 -384.95
998 -262.782
999 -930.058
65 756
770 275
302 374
967 354
697 622
154 346
565 516
688 696
458 807
161 736
12 327
805 440
563 933
575 567
728 987
510 111
474 444
585 544
725 148
345 525
32 587
757 908
409 507
162 463
34 693
171 692
947 250
820 743
332 288
835 655
441 424
59 431
644 383
208 518
688 737
367 513
123 502
813 415
540 29
732 115
549 632
706 510
720 512
705 975
382 946
184 630
304 488
700 686
490 849
179 800
234 449
527 23
338 871
674 458
596 187
820 357
51 423
138 845
856 924
22 820
275 974
99 735
782 829
797 12
17 605
626 547
311 29
320 577
814 651
737 735
129 686
316 754
104 3
883 569
616 211
878 240
376 88
803 593
647 389
63 797
591 980
331 961
250 863
158 472
714 870
71 39
185 790
237 41
192 682
344 651
317 273
980 22
662 228
928 221
786 61
651 288
181 384
257 740
24 533
483 282
967 934
885 587
869 345
191 6
225 311
817 510
543 220
183 191
893 644
279 494
351 139
693 183
43 82
244 360
570 296
351 384
289 866
320 918
662 747
933 793
795 516
307 809
322 577
59 100
195 690
515 433
543 322
612 983
981 6
643 527
191 627
171 285
928 443
397 144
195 872
801 756
824 868
570 328
84 603
109 805
744 417
659 323
506 503
175 898
268 453
454 408
958 954
174 482
515 685
596 906
743 400
345 980
962 380
99 829
104 132
794 785
380 780
139 351
96 243
121 24
713 703
579 88
587 931
995 589
64 576
375 272
238 256
982 810
134 274
641 44
655 578
351 535
879 919
171 77
483 851
96 956
123 597
120 433
134 396
421 661
257 673
569 473
187 780
154 232
600 633
97 485
343 31
917 784
931 413
245 265
800 407
586 141
811 592
516 680
658 823
383 551
194 754
559 127
701 572
263 607
117 770
51 383
47 123
793 164
280 345
223 841
508 130
299 262
110 284
146 510
822 980
687 906
226 308
163 664
699 198
82 110
127 37
234 185
857 847
368 290
201 478
689 665
763 43
13 227
235 882
184 714
876 63
54 640
936 570
885 933
321 359
175 540
162 965
985 719
643 160
938 660
777 72
442 191
131 496
340 497
366 382
725 628
773 935
866 1
420 505
655 393
623 537
473 380
769 939
263 766
87 777
566 662
302 908
141 59
719 473
752 9
64 623
691 611
996 493
581 767
24 772
466 306
414 961
213 154
835 366
185 593
817 579
467 53
394 771
325 434
910 296
510 301
150 615
942 250
503 983
490 901
275 2
903 999
47 24
902 58
535 154
306 939
366 291
960 91
659 445
583 446
516 948
371 504
538 687
44 419
100 803
580 958
641 684
816 108
634 60
167 523
743 374
670 652
739 115
931 599
61 214
362 579
175 968
264 813
564 903
480 48
699 991
813 118
2 488
70 198
0 417
972 105
596 425
314 915
803 32
227 612
266 403
202 469
645 379
586 986
429 240
213 691
953 269
353 21
133 479
220 687
136 277
682 567
719 717
259 784
997 399
196 155
156 118
61 833
619 276
351 585
358 953
146 492
520 269
862 577
953 304
860 12
907 224
950 256
901 240
367 115
16 514
327 412
583 280
930 826
872 935
916 109
854 515
136 133
143 637
627 705
866 870
610 261
527 24
367 958
549 933
296 962
577 729
187 456
771 171
548 557
25 334
763 480
485 972
784 831
29 137
858 365
730 362
332 647
239 346
812 135
101 346
194 908
232 522
204 515
66 183
981 501
527 502
364 353
276 326
451 612
496 994
932 870
445 823
270 38
150 707
866 958
936 611
918 816
35 949
172 382
284 272
543 288
1 231
31 139
614 109
151 196
610 158
382 549
452 594
729 689
142 305
107 898
968 630
131 600
128 628
892 927
606 29
38 684
232 600
167 806
68 299
484 160
683 812
141 492
907 529
230 434
248 470
219 810
652 289
225 208
91 317
7 368
861 875
691 198
257 495
947 519
281 107
199 566
901 113
610 850
827 6
19 224
890 853
642 642
865 3
94 235
861 248
518 449
485 594
5 754
166 260
553 869
975 825
690 506
689 619
271 26
420 181
234 993
421 137
102 192
430 341
461 680
632 310
757 389
422 474
566 643
432 69
603 465
475 615
231 972
514 151
978 431
425 990
669 817
196 535
782 303
194 938
145 30
730 302
487 332
764 988
28 444
656 659
109 167
778 248
444 527
154 527
593 651
834 143
602 912
199 707
487 63
700 379
409 844
900 252
174 236
923 766
558 814
486 548
532 41
593 782
158 915
718 37
406 510
11 58
58 68
977 110
240 383
361 19
820 418
314 940
333 543
645 896
369 530
153 225
46 913
607 221
567 226
416 183
633 183
696 780
245 38
831 539
645 462
729 964
334 908
965 570
591 963
26 640
553 496
290 749
497 387
302 442
7 927
753 318
428 983
5 94
452 868
439 473
672 345
551 19
407 312
495 782
294 539
863 555
333 374
866 152
110 987
14 274
870 579
93 619
909 804
757 978
849 207
995 172
346 664
231 772
549 555
89 314
198 555
929 398
494 133
362 99
755 575
680 373
443 109
552 924
720 924
699 666
784 25
858 258
790 132
461 120
504 750
511 7
16 608
433 280
936 186
778 927
494 432
80 72
945 625
707 38
509 430
79 401
367 268
372 247
174 870
95 482
955 74
389 260
610 194
197 987
454 574
367 169
762 1
97 344
692 464
220 962
176 646
811 904
246 848
567 10
264 458
446 512
52 899
913 371
630 527
975 33
353 64
847 541
961 449
858 456
867 18
6 847
353 104
626 8
744 657
257 639
485 598
142 41
491 753
295 903
967 872
571 110
718 138
775 450
731 872
410 706
813 821
524 842
587 401
736 441
271 739
741 959
425 686
844 413
113 36
684 890
287 412
249 866
661 702
19 421
482 613
125 324
404 515
482 425
333 790
50 855
400 1
609 556
428 822
426 361
99 797
476 484
568 474
81 13
380 327
636 241
193 943
59 433
591 611
885 866
815 798
795 52
142 86
215 406
310 77
608 774
970 231
885 554
760 562
221 635
416 224
103 499
439 744
781 926
774 118
47 827
816 958
561 176
75 121
267 539
578 146
640 978
915 79
762 144
509 869
956 413
779 136
954 798
554 150
910 262
411 769
454 93
733 425
791 648
621 664
550 295
684 985
749 236
597 8
824 370
209 185
900 664
305 614
326 719
465 772
140 129
820 208
277 854
871 788
788 683
234 745
569 778
920 771
978 982
814 912
864 696
910 418
629 32
830 495
565 267
780 503
525 1
629 288
63 809
411 808
666 542
358 501
509 948
626 323
949 924
431 477
48 529
713 127
134 272
788 759
452 846
211 684
456 340
803 571
163 919
992 572
389 87
341 650
208 438
813 408
435 640
283 49
363 226
512 303
339 187
837 247
535 796
384 456
83 985
110 166
267 182
557 888
899 750
900 283
239 163
811 746
831 810
431 118
740 929
218 765
588 337
867 580
682 194
447 585
179 993
569 693
439 801
465 272
425 443
335 793
915 155
134 664
146 778
952 327
383 542
922 134
730 379
553 158
866 985
192 965
865 170
225 386
918 808
546 84
280 260
796 903
292 273
219 46
932 385
34 772
533 228
598 339
462 682
558 475
773 210
447 608
567 911
294 263
59 765
535 793
838 168
552 792
268 795
883 876
828 301
601 452
882 888
506 868
277 908
770 778
176 763
352 963
698 259
995 769
602 832
134 541
386 502
216 399
989 338
139 985
819 442
860 566
908 944
325 272
5 996
175 95
37 922
669 863
698 723
991 27
303 445
861 95
84 90
466 888
978 298
497 92
673 329
401 729
943 177
73 625
153 969
778 526
534 196
237 936
66 825
500 92
44 571
448 519
177 443
612 83
523 594
668 377
537 373
705 63
883 518
905 898
343 507
915 110
546 56
994 288
760 207
299 986
851 602
212 239
939 768
949 87
155 915
650 447
450 249
725 842
267 507
472 239
832 673
949 999
586 419
588 475
107 670
684 631
749 303
859 701
737 316
275 283
350 657
22 632
487 125
325 648
368 296
574 149
814 784
409 632
256 743
659 463
69 507
476 859
849 309
358 539
408 228
595 992
872 624
62 109
143 705
798 405
178 801
606 329
97 882
56 570
890 521
709 742
85 514
755 831
947 457
378 508
417 126
428 903
46 954
451 268
110 127
769 496
785 174
521 807
641 244
574 203
3 343
612 749
908 515
860 715
474 631
728 128
14 16
100 180
229 526
85 338
51 938
185 487
357 483
341 586
169 496
980 292
469 32
224 858
320 535
761 852
765 349
541 688
391 562
990 319
248 429
568 520
254 715
632 277
477 191
173 942
821 907
705 905
580 606
142 301
399 562
954 232
301 860
349 647
995 763
603 811
783 999
675 192
750 843
246 481
957 778
141 597
515 62
947 530
610 87
44 931
812 218
714 220
485 397
369 978
267 507
856 405
172 128
730 830
989 509
709 898
991 330
271 188
262 890
895 896
103 181
367 182
837 398
730 12
962 576
710 892
606 383
939 231
273 758
103 768
573 387
298 363
126 57
412 10
153 369
434 110
287 803
168 686
525 874
100 197
194 313
47 185
703 479
173 131
773 766
747 408
373 206
358 651
102 0
110 292
380 527
211 376
289 994
240 428
513 736
70 11
547 608
934 458
905 302
856 436
299 184
823 807
606 205
372 420
221 72
748 325
831 335
716 184
7 819
86 702
900 908
603 594
18 439
461 786
498 290
935 639
790 573
69 504
292 365
893 442
674 939
345 24
549 0
165 928
773 771
351 327
160 681
629 475
279 155
991 658
960 464
516 325
815 498
854 551
352 660
59 694
448 147
537 450
579 596
310 495
395 987
303 596
416 75
708 764
844 742
622 604
573 743
397 258
953 144
417 578
793 257
205 818
263 403
488 82
991 31
540 817
746 111
512 128
244 370
811 905
381 382
200 179
931 972
979 723
482 722
552 521
654 555
151 72
880 92
991 839
525 654
782 363
97 703
208 786
246 846
160 940
947 6
939 546
702 176
33 819
726 105
435 140
87 32
953 473
801 623
982 87
379 978
908 321
995 792
555 45
221 881
410 157
995 281
53 457
225 638
874 301
801 152
149 254
485 409
947 122
401 214
375 404
394 286
488 737
598 802
179 271
804 726
772 494
392 119
367 97
141 146
942 141
625 850
926 408
87 779
764 547
619 531
124 716
564 828
333 166
220 590
236 222
799 154
667 640
758 649
208 790
55 722
238 193
494 654
781 67
432 54
906 795
907 505
997 281
467 103
799 123
35 228
293 594
748 488
746 140
703 657
490 544
512 233
435 498
312 556
87 80
612 376
824 152
206 51
673 328
365 890
110 758
79 336
703 290
365 945
83 148
929 615
88 278
298 345
71 480
978 61
690 932
693 969
229 737
425 503
578 783
612 830
345 258
393 508
209 222
721 318
102 34
735 165
451 484
872 89
25 474
917 526
391 804
539 196
571 272
535 636
723 944
557 150
457 610
267 929
713 371
249 55
713 602
808 875
687 372
95 847
984 976
651 404
55 349
956 470
140 451
434 639
461 31
335 663
380 323
854 644
572 658
385 678
543 377
54 892
370 944
876 832
320 406
51 829
52 815
393 866
787 216
447 867
399 124
310 116
285 323
842 422
30 570
84 684
298 724
989 430
106 481
591 900
808 446
860 132
544 289
670 208
912 861
824 4
86 839
481 808
180 999
870 645
84 510
847 440
737 337
857 233
57 2
735 284
809 687
556 186
133 707
584 423
248 956
756 719
124 712
975 678
754 608
785 83
71 136
679 343
231 659
449 170
762 896
214 590
708 513
349 4
32 641
782 34
736 838
202 590
520 630
560 96
113 255
872 794
307 64
206 495
655 43
278 61
819 322
769 188
394 567
647 319
109 303
479 487
822 477
967 781
467 997
57 555
1 867
569 212
698 524
113 80
433 334
357 259
934 429
18 728
837 418
11 993
160 966
144 385
682 419
723 227
313 755
977 357
64 655
668 964
573 2
204 336
966 124
860 540
469 339
885 859
425 210
44 947
514 837
786 742
243 765
159 587
983 868
223 85
335 565
520 334
514 700
762 354
174 224
618 232
819 922
880 172
714 935
727 192
525 612
960 77
78 702
492 310
879 749
708 501
512 526
361 103
939 26
823 668
852 865
585 866
691 937
566 510
691 828
476 971
15 241
181 499
159 494
411 747
254 359
494 933
944 647
577 366
816 509
542 992
106 951
255 657
57 228
814 640
952 444
490 896
738 316
561 828
600 895
204 408
395 223
871 417
776 571
640 547
524 475
736 65
385 783
548 43
865 827
580 870
166 366
619 819
725 653
200 450
715 97
776 820
263 504
309 643
607 871
80 921
676 344
701 308
878 168
978 921
933 296
85 613
45 490
444 221
956 825
282 559
208 927
219 142
889 619
617 770
405 327
75 865
737 90
575 144
42 943
344 76
543 44
933 611
924 99
925 802
715 403
60 60
38 469
367 488
974 935
623 319
636 791
974 522
227 657
191 595
217 877
140 503
774 556
230 416
242 630
628 104
234 494
420 869
520 940
668 67
797 534
863 293
589 245
390 285
314 126
491 216
158 892
959 154
489 937
125 705
713 958
301 873
77 525
541 901
914 264
284 604
633 217
648 762
426 608
221 549
889 90
772 987
383 553
212 128
690 446
714 134
728 860
641 214
630 763
336 977
446 143
387 647
407 267
866 343
992 646
876 625
26 314
769 6
323 32
923 813
460 11
951 179
331 866
312 546
834 270
435 927
398 397
467 497
498 441
878 161
233 673
376 945
187 414
229 289
693 889
791 840
524 5
277 376
984 913
161 329
728 503
630 627
823 119
733 549
186 18
225 133
494 758
539 569
955 647
509 828
78 251
197 177
883 389
854 39
758 825
86 17
71 491
312 719
152 897
216 919
823 139
7 470
323 863
842 978
221 770
766 579
829 557
620 100
290 279
96 414
780 998
598 357
468 369
780 475
626 189
617 221
41 377
602 543
766 468
250 249
112 468
292 918
42 748
411 506
487 393
844 611
593 894
272 734
218 782
965 377
44 357
814 340
596 691
851 732
491 501
921 701
360 732
582 110
973 329
69 49
303 54
219 563
231 334
910 580
160 682
391 124
744 681
275 930
649 537
426 575
113 415
4 546
168 920
985 561
753 235
100 963
67 444
17 321
937 297
706 328
115 34
417 12
885 524
945 522
416 359
29 313
180 277
418 545
936 983
104 799
411 639
182 236
760 237
936 583
214 135
645 181
58 88
860 527
772 590
659 578
699 874
948 713
679 208
75 676
705 452
993 686
169 274
849 78
379 480
867 518
84 938
653 73
132 699
99 977
647 379
690 951
749 614
407 246
905 66
895 125
616 849
437 760
933 167
461 708
138 94
916 924
76 591
672 47
913 241
818 167
694 747
139 971
690 555
58 521
907 173
822 968
723 405
538 842
79 220
418 300
526 526
124 612
40 62
875 225
71 22
834 497
304 365
830 354
124 188
221 137
760 631
344 672
593 447
126 96
660 340
424 436
421 544
773 404
56 875
565 265
89 345
463 644
971 450
83 92
867 200
371 832
653 498
318 405
509 97
667 478
396 851
814 492
911 555
334 998
602 590
321 257
184 483
242 604
626 821
269 322
88 158
606 600
967 847
453 166
567 20
94 535
57 942
760 799
267 522
777 219
529 477
499 263
592 908
712 25
69 299
209 711
989 865
239 233
532 807
16 280
951 225
897 368
991 935
651 618
62 949
236 559
197 95
20 426
352 932
475 149
873 41
707 956
859 595
484 751
467 34
778 125
238 765
292 653
900 800
893 37
784 828
974 505
235 894
910 407
157 533
1 950
244 171
382 437
321 390
185 15
95 357
136 359
978 544
961 654
659 903
154 730
189 733
87 952
173 389
480 994
593 932
578 127
316 475
669 887
54 975
865 46
425 242
817 689
749 768
873 419
192 392
565 90
572 24
946 524
737 168
736 678
224 491
47 844
690 337
861 58
509 70
744 943
73 671
764 524
719 585
727 296
298 388
972 466
879 846
994 832
291 527
486 981
449 714
754 631
67 127
64 450
709 488
420 249
965 385
539 627
715 206
639 641
124 412
692 453
13 359
629 572
326 716
577 451
557 511
455 905
354 341
831 194
859 507
651 513
490 297
164 454
104 612
675 248
681 563
279 36
169 817
498 559
68 325
119 582
695 288
687 810
306 832
388 723
939 240
624 812
524 271
61 937
302 991
651 207
680 438
809 415
872 71
186 598
416 474
688 730
313 817
339 916
7 304
869 96
676 885
958 610
927 222
327 825
285 440
730 655
621 312
733 169
953 782
287 390
842 675
815 526
591 848
463 581
586 334
111 646
679 866
995 957
999 875
164 363
14 661
947 328
814 120
843 689
648 586
971 842
884 987
621 588
247 618
364 418
173 737
386 938
575 92
224 380
232 924
954 987
565 225
147 97
488 261
830 186
695 291
767 888
35 777
513 408
399 619
655 7
808 686
400 540
62 464
485 91
246 871
599 891
336 619
258 266
505 965
416 685
436 43
816 284
766 869
395 989
457 892
940 335
401 619
544 110
511 632
458 942
18 861
803 223
586 461
967 187
9 390
163 266
515 653
168 419
671 161
363 176
762 887
47 195
524 194
586 389
200 931
109 156
177 110
760 42
940 230
902 687
952 415
682 571
45 386
250 632
351 57
880 414
889 550
36 230
571 227
355 251
256 611
436 811
359 504
173 859
130 673
532 196
174 184
59 843
448 582
390 108
459 770
556 481
12 176
692 268
449 605
884 515
752 607
417 30
888 798
474 762
512 279
950 84
847 9
551 690
122 932
208 740
994 279
744 891
477 297
620 374
330 617
328 789
508 802
349 306
370 819
161 966
709 957
249 828
850 724
120 558
541 580
411 809
703 800
850 654
316 341
336 184
664 875
419 60
478 583
933 666
74 477
713 491
23 456
520 256
255 847
628 217
337 489
619 326
100 624
804 783
921 286
240 758
822 712
232 448
52 869
346 38
242 71
775 610
887 261
957 530
71 734
946 214
964 973
497 811
708 113
906 592
0 62
508 571
927 908
106 895
860 34
956 836
15 546
942 8
430 62
613 423
511 110
207 92
798 741
858 336
337 751
957 762
105 202
630 938
323 539
297 284
747 439
852 620
487 436
914 61
900 237
596 103
704 668
517 334
736 376
484 503
957 473
256 64
859 376
115 915
603 343
39 297
604 140
674 931
449 968
871 684
402 104
92 583
957 289
995 351
966 619
503 635
894 724
170 98
772 807
731 746
824 47
483 968
326 420
945 42
130 511
991 652
201 516
496 618
96 107
601 482
785 725
100 71
287 690
291 409
141 96
432 175
509 856
145 534
581 776
981 335
563 971
448 247
224 477
563 266
183 85
792 10
62 953
412 722
852 752
220 617
980 11
543 963
298 551
502 339
918 931
145 690
380 146
739 997
910 665
188 797
615 742
496 721
643 134
900 230
875 880
595 57
112 759
946 259
223 601
974 405
995 471
573 789
930 607
379 688
908 528
470 970
48 612
298 679
156 220
778 478
692 288
28 24
377 993
363 184
874 948
796 35
513 468
425 716
204 482
475 303
478 858
816 395
97 544
196 336
341 937
124 123
79 512
409 564
572 860
308 975
863 148
980 94
135 768
962 538
482 823
544 312
283 887
263 682
631 475
637 882
191 612
492 612
645 490
638 756
382 160
920 503
317 802
743 761
220 209
855 102
312 869
933 328
365 243
867 366
477 580
416 156
316 157
49 761
741 806
646 264
242 509
156 825
304 501
817 872
462 347
969 878
917 620
907 395
894 163
797 904
451 950
821 62
438 541
210 869
970 49
969 975
560 754
946 738
378 290
857 869
454 474
809 158
478 433
653 215
818 258
365 113
352 752
593 983
900 281
194 770
550 513
136 598
786 692
26 404
355 376
200 417
974 206
656 108
37 136
667 946
412 935
201 120
262 103
313 298
42 503
295 0
766 190
211 390
214 646
546 55
515 876
809 508
66 858
799 175
654 937
986 84
151 215
825 448
264 112
641 986
665 851
216 536
700 168
792 348
551 419
947 580
11 644
616 19
235 655
844 572
640 779
185 489
825 491
649 730
237 546
394 318
695 184
470 961
862 258
44 991
527 603
112 621
388 317
351 374
599 698
822 629
768 118
960 507
217 420
801 875
508 251
476 788
327 762
241 315
0 62
681 65
864 239
534 187
922 375
530 541
267 897
818 982
476 168
533 245
338 173
215 784
849 391
243 417
802 941
80 322
506 219
895 143
587 574
989 409
634 866
719 926
381 62
325 680
499 993
436 127
825 525
544 263
829 718
52 475
710 891
415 706
453 75
6 20
613 89
238 107
263 427
531 776
449 872
854 234
624 774
937 592
320 18
462 515
128 770
900 455
895 872
773 560
863 305
383 473
253 686
551 219
921 701
182 634
89 567
758 293
937 789
52 76
818 111
495 331
371 413
872 771
20 145
417 303
172 393
933 450
207 642
725 258
301 284
769 329
460 385
192 880
954 173
691 46
545 875
217 575
860 967
564 516
163 270
460 228
160 158
927 657
847 620
728 869
562 327
654 781
390 753
710 691
637 725
621 379
840 173
632 60
226 382
427 748
492 22
588 802
428 592
617 100
999 236
248 313
438 906
598 726
860 240
337 193
505 239
800 86
250 615
474 844
229 37
886 438
51 804
969 598
520 34
810 619
617 153
141 867
26 694
871 918
825 262
14 804
390 784
219 649
146 318
163 120
666 594
865 383
368 988
249 9
777 665
151 349
707 710
58 881
206 602
700 652
162 722
505 532
270 954
827 142
65 452
141 466
312 480
863 29
465 59
763 906
638 901
788 267
260 97
844 875
26 262
836 319
555 629
899 603
42 591
850 142
314 5
473 712
491 630
111 438
160 593
428 148
272 480
954 606
89 8
820 489
202 923
797 94
606 878
77 666
189 438
80 313
630 547
894 566
923 328
862 196
387 25
819 638
143 229
77 565
751 851
222 434
697 156
330 508
92 700
317 263
236 19
45 363
565 0
127 760
361 558
340 707
585 436
878 21
631 146
660 992
943 378
373 108
411 822
162 556
404 271
542 401
268 118
978 905
228 844
662 597
718 959
146 590
132 360
204 208
402 3
576 132
936 311
433 201
63 388
61 922
757 55
496 528
239 201
40 815
894 881
86 462
750 5
691 57
524 841
975 331
316 640
214 105
694 606
620 643
806 102
315 157
207 555
215 781
254 366
868 981
915 928
760 215
290 943
192 963
687 429
595 652
919 224
561 452
599 432
193 252
51 977
483 11
976 125
404 566
869 4
237 884
929 292
997 45
35 508
970 196
248 825
491 354
784 413
225 884
428 271
449 693
120 846
242 206
881 207
701 911
477 75
865 230
672 376
718 833
308 348
224 620
977 290
764 939
656 931
148 473
112 660
374 5
348 199
130 491
347 766
871 667
612 385
93 507
112 961
965 956
521 322
917 721
44 358
192 286
191 69
440 123
66 929
86 876
151 376
650 815
691 657
108 794
22 865
464 759
259 987
647 772
71 873
227 91
306 240
318 494
581 62
25 850
264 509
489 490
843 101
949 3
805 794
188 334
59 404
227 778
283 855
859 295
716 510
220 874
603 743
371 997
956 186
123 868
241 870
554 746
837 684
33 708
834 240
510 329
280 292
821 876
192 918
540 240
192 737
399 128
442 917
575 711
146 727
570 500
805 583
728 713
209 907
492 371
428 656
418 543
528 956
599 921
178 518
862 776
955 664
874 13
56 777
554 813
577 635
528 648
569 651
376 22
458 702
903 944
494 28
986 425
939 63
929 213
848 723
915 20
259 388
702 19
131 187
109 226
94 346
380 383
643 322
475 908
929 940
351 303
685 504
646 671
950 369
34 284
228 258
687 671
817 313
174 105
173 843
584 126
138 288
747 725
992 146
406 152
958 640
100 21
580 870
757 754
174 891
639 94
511 96
802 874
174 709
57 253
910 101
784 299
257 780
725 794
752 975
663 968
118 427
942 693
987 179
612 82
985 164
701 625
861 13
158 882
238 677
3 907
950 360
771 372
545 881
560 926
83 735
452 870
965 500
996 542
62 301
316 92
808 473
489 950
0 553
431 783
242 244
305 20
627 509
26 780
557 920
339 284
751 268
171 594
504 12
645 443
918 835
710 767
643 810
912 962
284 270
443 258
168 891
96 499
332 922
984 542
569 222
308 179
362 442
493 182
675 353
256 857
120 142
656 346
313 845
83 928
230 570
472 451
14 767
798 230
682 853
853 337
485 661
790 145
684 641
678 810
978 854
871 154
87 511
309 132
257 665
583 935
137 964
101 645
821 666
341 101
187 706
657 178
349 91
688 366
206 277
989 912
572 377
992 707
916 423
39 144
257 814
837 218
492 347
867 102
304 546
390 402
304 320
804 547
335 390
938 934
921 981
268 193
984 32
330 999
380 539
559 420
163 77
642 962
426 642
972 408
130 377
455 337
468 837
514 742
156 723
728 728
643 213
991 878
929 514
602 566
836 452
79 668
776 296
436 854
76 485
888 260
968 706
286 196
719 375
546 537
484 747
139 446
813 638
766 254
39 846
909 306
524 266
426 321
768 2
84 889
833 80
815 393
613 799
929 90
989 826
89 876
265 130
424 879
645 596
939 249
616 145
710 793
74 386
188 793
846 735
782 659
499 599
682 401
838 576
756 671
621 338
501 286
282 959
876 14
255 827
801 899
847 697
648 144
149 373
0 488
130 556
999 696
99 223
753 480
768 600
217 757
148 92
299 594
892 451
514 569
368 930
323 251
164 132
940 506
566 296
750 41
983 452
971 187
814 36
709 658
880 140
354 137
605 589
398 406
517 194
649 217
73 774
287 870
519 792
64 759
440 932
166 885
179 596
506 561
36 189
44 615
391 595
554 685
901 37
956 772
660 59
975 514
522 97
331 551
24 191
384 66
661 296
276 211
171 30
34 510
919 417
960 201
562 369
201 612
750 833
469 862
618 762
365 29
617 8
287 83
697 702
15 512
563 726
622 8
182 684
998 511
233 231
611 655
3 500
557 280
420 358
12 445
979 984
11 847
957 865
224 967
515 990
981 267
924 486
308 628
134 803
174 573
398 802
870 981
491 11
577 676
452 16
780 984
389 999
227 971
220 769
497 956
154 941
841 456
30 976
409 111
546 700
885 68
948 736
621 984
622 500
765 702
577 891
535 632
360 284
365 177
542 847
497 263
470 447
791 590
95 692
714 212
192 16
16 329
483 255
674 891
874 736
584 892
2 552
238 810
584 435
629 240
505 792
401 334
899 419
801 332
745 875
209 931
278 533
802 198
178 788
667 353
173 61
770 499
944 74
601 280
120 843
343 491
569 644
648 49
390 147
203 855
9 603
446 974
137 274
53 932
587 103
15 469
448 878
104 796
742 630
404 552
753 15
444 663
978 876
979 864
827 25
286 776
864 552
922 705
591 272
483 821
222 705
721 773
115 174
678 506
548 52
667 626
734 332
0 374
179 683
973 442
325 771
598 115
781 725
799 586
934 98
930 867
935 448
633 651
129 726
353 444
868 908
316 791
317 340
585 322
652 39
895 171
668 169
75 592
538 224
161 823
952 326
591 110
86 951
601 922
133 355
693 121
532 11
0 547
159 652
181 981
376 338
447 534
435 915
543 885
665 203
961 331
712 732
4 550
77 34
990 43
552 703
364 646
845 235
776 90
498 762
600 471
748 889
96 183
288 59
154 718
210 112
278 396
457 650
503 46
922 377
244 528
598 716
129 784
816 979
397 394
942 927
679 576
398 784
603 998
944 967
8 989
994 580
381 660
519 22
335 392
394 463
878 35
97 994
173 116
783 412
210 344
649 447
5 293
164 616
826 864
13 498
54 543
677 603
187 45
619 63
519 664
280 863
881 283
190 826
8 901
964 57
412 918
431 397
180 994
552 770
863 178
62 140
777 648
477 327
741 178
780 555
954 720
786 385
257 191
885 73
398 545
516 57
954 113
816 757
118 365
415 583
647 636
452 290
552 162
415 64
263 81
1 859
88 451
679 520
715 202
559 607
208 39
841 614
583 243
673 356
882 153
620 383
971 703
34 636
617 856
714 149
600 443
436 200
714 348
323 282
415 909
279 973
348 842
522 178
719 866
816 343
595 149
372 402
157 978
749 499
521 347
349 913
510 54
161 446
289 212
51 806
596 745
250 353
225 703
330 292
987 903
555 328
812 898
686 413
615 548
657 9
437 955
249 749
490 108
443 109
15 493
754 171
23 307
237 843
213 417
888 140
67 973
360 13
510 833
583 246
757 808
90 70
892 825
278 735
203 605
311 631
361 595
347 933
628 705
73 209
346 984
7 650
891 318
32 855
360 761
362 3
841 585
941 537
122 879
547 743
278 864
126 948
513 115
66 976
608 49
363 458
367 604
786 807
964 651
627 809
226 850
279 243
268 968
370 387
674 585
859 766
570 370
928 372
447 68
374 923
714 873
417 703
93 605
677 500
728 12
289 521
890 42
49 276
171 238
641 117
805 847
223 518
80 90
694 51
735 552
719 69
763 278
602 888
777 450
245 980
390 875
197 11
30 638
363 28
546 628
791 899
117 167
746 191
26 731
343 479
509 713
85 670
491 263
82 616
556 619
477 638
561 184
923 52
342 841
282 550
682 459
887 668
855 923
982 254
48 411
161 711
800 515
889 240
968 980
482 217
867 592
592 472
256 704
779 67
461 672
347 990
464 285
453 869
731 153
693 663
622 614
250 976
39 125
578 620
887 818
717 900
278 466
723 745
844 291
514 85
635 805
604 384
957 833
832 169
508 247
93 478
167 22
981 685
51 967
86 485
635 218
727 160
171 764
343 887
476 173
791 989
986 318
266 882
708 862
514 851
979 288
465 673
608 132
69 769
849 831
550 679
714 895
618 782
281 297
264 433
445 951
882 88
859 852
618 746
360 985
531 198
218 652
381 462
971 895
456 645
420 599
664 96
392 560
753 330
174 548
733 788
717 490
519 696
650 986
987 269
989 466
41 999
69 370
217 731
117 333
697 176
846 186
140 953
597 918
678 888
867 506
419 221
210 894
965 272
874 602
76 818
512 53
521 524
35 150
988 429
26 627
341 411
656 206
994 945
643 574
51 457
956 819
20 407
183 848
223 961
626 217
842 952
949 753
569 657
427 231
840 993
880 824
330 579
795 333
645 231
993 200
235 300
29 377
798 826
316 15
112 693
606 317
984 567
930 312
131 476
719 945
585 874
855 153
450 135
147 347
127 17
720 234
202 739
31 371
289 244
361 712
507 400
766 101
97 57
175 177
971 536
907 818
228 696
559 425
622 168
710 846
157 844
583 415
271 700
879 714
469 713
755 663
599 73
174 184
525 53
252 830
108 794
383 697
255 873
26 59
371 61
422 427
584 469
248 206
883 910
811 215
923 601
16 355
488 877
273 436
135 405
326 962
262 202
512 87
408 996
568 777
830 938
693 309
729 170
81 936
194 656
451 820
706 580
281 594
152 801
930 810
523 594
854 35
407 366
41 495
671 171
670 554
767 883
697 253
324 308
268 452
516 889
77 124
313 160
917 618
973 177
783 771
12 168
113 997
896 518
178 554
989 353
714 88
507 767
494 222
483 104
94 817
58 761
696 288
757 963
725 775
330 271
986 294
624 308
62 61
182 723
710 787
383 707
459 989
172 838
27 19
255 442
347 645
171 905
259 779
27 810
670 287
883 516
24 292
871 234
628 521
299 926
652 899
170 300
552 888
204 965
804 347
598 474
650 707
998 906
577 846
836 770
399 783
769 938
102 632
982 428
28 603
848 706
823 525
333 850
752 649
891 180
982 256
578 813
964 881
458 553
645 674
420 444
86 989
312 433
677 898
989 418
768 527
308 135
630 384
468 263
478 871
836 70
535 959
678 329
135 580
950 772
347 589
988 954
561 511
581 254
1 601
369 399
532 707
533 99
703 200
8 632
654 815
719 842
170 170
992 919
920 72
446 632
399 278
297 179
760 578
744 347
577 696
822 948
135 7
10 179
536 143
44 809
802 242
526 446
959 751
140 750
719 18
569 985
57 989
761 469
52 447
276 827
736 581
62 380
831 238
36 58
767 352
42 472
754 537
91 578
548 274
755 935
964 947
490 732
605 235
615 19
978 887
367 207
637 644
379 46
135 317
527 415
716 151
382 934
100 135
763 677
394 127
632 971
610 734
460 584
957 240
980 683
529 348
139 221
70 20
222 310
363 457
426 703
461 32
901 526
170 749
969 711
548 853
25 333
903 512
67 856
366 592
487 451
158 264
939 27
207 144
294 921
887 830
749 745
966 370
923 854
208 158
833 36
972 815
488 840
83 199
589 926
855 931
857 895
151 25
27 631
369 450
770 471
998 401
907 37
896 777
137 710
364 963
688 437
135 938
235 160
762 354
287 620
881 338
311 339
399 572
545 779
709 933
643 222
473 59
606 252
812 548
969 360
529 258
405 648
994 72
482 539
754 558
461 930
560 31
188 220
532 300
615 141
447 57
109 257
338 173
215 439
900 191
504 483
129 300
220 541
679 402
968 958
739 178
867 469
615 606
509 203
305 974
152 489
718 891
31 334
811 43
275 451
432 991
577 779
977 474
136 325
17 433
975 978
436 120
987 877
641 772
524 902
569 945
339 152
866 353
693 214
68 832
665 548
919 47
17 543
524 742
564 944
256 559
661 961
876 649
32 596
368 988
265 241
455 889
74 614
9 223
195 784
727 946
200 391
658 988
427 595
359 786
445 757
245 111
832 185
661 148
429 652
185 898
36 85
114 619
932 670
522 360
668 951
182 170
992 422
44 625
753 394
617 306
874 126
810 795
161 407
165 756
394 935
339 978
507 93
940 98
688 940
568 61
240 900
655 783
798 748
967 755
316 590
551 991
473 421
291 256
774 810
525 93
686 234
308 805
852 125
160 233
573 255
296 288
145 827
322 877
105 516
529 943
535 810
316 446
655 796
652 760
452 144
548 952
408 52
746 852
732 329
687 359
242 835
499 587
419 42
197 287
684 39
698 378
521 91
744 289
522 310
269 85
508 481
48 852
259 555
318 574
455 429
170 512
713 263
340 867
538 787
108 706
730 89
984 546
729 499
234 813
378 301
492 389
466 45
987 840
342 972
68 812
174 660
925 467
782 550
40 779
394 382
946 606
125 706
6 286
407 18
352 141
700 584
103 190
379 468
129 316
554 417
670 186
43 879
465 124
363 182
415 766
156 369
813 103
292 537
697 466
758 639
748 370
902 885
665 50
146 639
704 66
764 427
514 798
96 183
805 617
674 247
569 160
52 956
621 355
968 819
743 846
775 441
976 699
544 353
732 485
294 317
804 369
825 832
294 368
459 731
88 73
329 241
796 715
600 588
31 842
87 4
28 796
24 348
842 822
25 267
914 77
633 553
416 138
758 530
978 146
566 394
530 517
72 470
947 711
370 297
378 135
711 591
848 510
487 27
45 654
855 478
988 726
749 561
950 484
685 66
275 813
415 475
645 702
983 136
705 445
119 811
672 593
535 196
743 367
148 438
416 870
277 171
194 901
414 135
509 20
92 457
973 497
572 659
919 887
398 863
148 310
705 199
478 810
842 58
494 769
321 984
431 370
244 257
82 140
298 768
742 670
313 35
236 325
272 307
119 273
19 566
136 427
881 739
118 76
222 344
80 88
706 609
745 813
450 962
36 405
30 949
514 52
859 766
548 652
216 43
85 75
619 293
416 264
297 829
310 919
257 434
466 992
417 101
518 600
768 188
714 67
603 935
387 314
288 639
104 109
912 181
216 715
88 147
643 519
938 115
182 827
546 303
839 321
590 53
689 409
526 891
218 408
114 137
215 116
481 280
704 378
587 342
717 324
124 639
397 345
647 206
992 145
346 368
335 653
106 752
152 294
508 65
862 230
995 902
606 438
328 639
579 709
130 896
216 806
617 684
769 519
909 418
75 173
7 242
126 981
265 819
572 367
336 80
430 751
485 691
936 740
189 252
349 403
214 342
431 620
146 33
91 591
798 116
197 536
579 531
168 828
233 348
257 939
101 340
370 838
323 644
951 401
940 72
694 63
612 633
463 770
762 109
515 295
615 291
709 820
183 919
732 382
306 525
807 848
323 719
161 720
726 71
136 791
186 638
168 619
203 397
564 263
132 946
169 617
737 771
701 65
268 698
614 584
145 29
226 722
636 798
949 938
787 193
221 385
918 531
693 298
312 382
533 33
185 160
276 54
396 686
724 587
65 348
246 734
661 535
449 72
788 745
5 606
855 755
687 329
116 501
201 971
80 539
437 324
540 469
743 742
620 29
838 723
65 454
692 518
84 418
867 935
400 922
567 27
14 228
422 226
2 470
270 888
726 928
207 54
352 360
990 331
325 326
517 93
829 575
431 574
864 620
158 108
133 640
200 509
405 424
829 519
875 473
708 679
82 22
996 362
962 360
67 91
852 256
460 831
472 718
111 195
635 87
501 244
537 922
183 100
516 347
847 804
533 83
397 991
234 588
467 564
490 86
508 121
289 550
843 806
700 26
9 278
752 200
934 123
218 83
911 630
160 916
655 69
534 192
287 220
987 181
545 802
780 651
181 612
890 598
127 734
641 826
940 600
246 476
716 690
777 46
620 808
112 400
993 659
535 48
16 881
673 823
133 205
97 539
835 175
466 869
514 109
618 215
123 332
971 233
974 888
728 331
1 628
890 617
863 569
761 118
621 18
99 947
158 640
577 781
265 118
28 87
13 661
16 554
293 451
612 338
115 752
218 642
667 2
734 838
823 102
797 774
391 111
200 196
676 947
818 731
472 432
802 204
309 812
437 197
449 810
904 620
794 453
696 932
724 880
684 259
337 292
565 731
293 665
695 342
455 823
208 598
685 783
946 92
463 261
742 143
667 408
418 986
305 59
169 513
352 192
559 903
657 209
689 164
133 666
915 445
667 826
209 618
929 969
122 636
176 310
397 763
113 801
848 787
252 862
857 899
931 660
862 704
652 507
221 893
497 336
118 666
27 906
584 888
862 579
331 744
173 511
135 821
205 976
615 89
940 521
199 417
455 420
60 339
41 101
671 119
711 731
996 607
889 448
275 341
655 52
129 943
765 226
388 772
561 874
242 578
465 324
172 441
336 240
805 607
206 155
116 550
676 943
627 220
268 592
576 801
929 846
908 197
416 879
235 499
898 499
0 458
453 165
981 507
335 341
596 7
605 175
275 210
645 529
326 395
846 668
289 990
163 961
657 829
541 46
1 61
882 886
667 895
777 760
437 340
486 148
864 299
505 296
986 568
162 751
24 474
763 368
722 856
269 94
405 569
624 130
820 706
556 38
214 77
204 709
190 131
335 317
838 624
4 506
694 606
608 787
607 850
540 648
752 696
217 652
143 383
676 86
407 679
195 772
993 538
808 575
634 963
444 610
165 77
106 456
400 503
468 948
162 84
562 192
322 620
127 130
844 299
28 697
769 27
863 571
137 490
191 957
310 418
838 160
344 677
489 206
617 421
378 550
924 892
244 514
563 352
142 622
990 314
640 868
11 44
588 845
985 13
252 592
678 129
443 19
62 842
266 354
374 416
267 529
283 160
363 927
955 580
127 444
449 587
373 52
499 795
909 341
812 945
394 132
141 490
419 260
715 294
849 331
329 259
11 241
875 218
668 196
90 343
942 876
254 265
618 621
355 699
874 633
782 370
115 252
57 352
536 535
726 476
310 218
731 155
26 513
143 751
188 771
150 858
599 339
190 456
975 794
453 892
283 813
395 620
375 357
688 529
748 7
227 249
499 744
537 185
167 568
612 77
883 874
894 82
489 60
97 152
168 915
353 364
510 791
955 247
96 2
237 52
928 237
139 198
850 68
587 394
458 212
936 142
386 328
496 498
28 602
167 139
35 581
594 735
985 602
226 859
579 338
734 963
232 354
531 483
854 364
56 578
751 461
349 0
130 242
888 898
13 85
614 291
440 44
140 598
388 922
410 496
23 634
59 400
91 793
95 989
582 350
366 841
123 71
559 190
412 224
319 226
656 481
39 498
669 389
551 227
74 784
663 370
46 769
858 39
730 824
483 835
165 477
781 301
360 106
730 788
96 658
578 193
576 248
608 194
4 220
746 490
885 199
584 721
204 88
899 749
693 987
315 12
607 964
337 714
24 175
516 981
815 25
107 872
110 829
936 819
598 606
870 94
785 70
23 60
314 216
108 284
783 791
306 41
356 237
324 319
727 373
352 821
345 519
354 807
38 928
784 965
892 945
863 645
789 771
854 8
5 765
716 816
128 7
99 798
464 660
268 185
103 830
482 744
3 721
951 827
680 552
303 292
523 328
624 828
630 663
630 109
913 212
993 73
794 900
991 459
429 648
973 972
257 544
991 311
440 452
481 554
501 113
274 14
348 134
796 456
801 572
78 406
461 689
700 738
903 293
846 101
230 721
670 512
857 992
470 819
160 79
341 860
885 186
204 171
164 986
375 839
145 792
63 829
141 658
435 824
295 443
601 935
951 875
293 291
509 18
79 570
878 283
998 824
908 750
34 124
168 460
699 291
750 631
74 713
92 931
717 597
839 414
245 368
891 850
203 652
322 583
319 332
245 130
395 760
237 175
130 741
43 207
743 179
299 650
652 89
303 554
908 736
866 714
950 424
35 341
296 277
960 329
247 904
997 100
318 80
758 681
294 435
655 31
873 183
194 854
287 565
177 910
120 903
477 115
534 985
775 50
292 490
908 899
948 182
889 924
769 698
659 389
48 137
782 871
730 583
742 579
544 468
592 63
582 929
42 703
457 685
468 33
71 119
310 320
303 855
859 827
931 551
25 859
111 940
247 887
242 757
683 116
820 691
425 275
249 966
360 930
149 542
871 644
649 848
22 783
415 872
596 858
782 375
445 790
894 441
923 226
104 109
924 383
363 166
604 589
770 19
796 25
120 627
665 383
195 966
278 435
3 73
120 2
346 962
439 370
750 366
341 68
917 790
580 458
3 945
520 153
784 267
202 24
454 492
587 596
672 887
490 457
672 967
295 178
680 564
162 179
804 594
309 695
643 746
999 6
621 483
498 288
458 503
678 323
169 681
955 114
164 351
914 430
448 414
224 501
364 590
491 289
458 395
928 663
177 813
617 758
209 85
358 774
143 136
515 885
288 616
401 252
327 488
584 569
82 702
356 171
620 472
356 880
859 987
554 960
794 437
912 422
555 271
555 851
662 573
367 311
827 783
795 307
318 534
413 598
319 700
581 247
859 263
530 781
60 42
282 749
886 362
499 686
523 241
4 336
765 584
441 147
707 348
364 972
918 690
284 590
676 713
227 916
563 159
175 122
160 273
197 915
324 721
69 888
458 735
686 622
952 570
731 758
775 1
75 784
154 489
425 798
967 403
230 459
349 375
274 199
584 55
635 539
367 190
829 120
678 306
989 803
300 599
737 670
708 120
271 661
935 159
759 918
484 768
940 819
882 51
127 957
397 465
965 110
740 707
763 866
644 690
259 591
826 707
682 270
989 378
641 967
412 957
894 621
965 450
474 684
902 456
540 910
829 687
128 265
353 559
783 864
850 455
604 859
240 821
570 10
540 992
412 751
748 918
514 47
187 924
419 473
640 658
84 132
276 929
38 276
424 280
882 663
920 279
599 6
150 454
386 809
887 681
266 825
821 669
128 882
707 469
305 573
208 64
895 244
264 696
646 429
647 126
786 916
766 960
471 585
671 656
726 520
74 740
111 520
70 527
167 563
48 761
170 561
778 82
314 142
704 901
117 53
972 300
972 914
436 46
870 805
833 207
923 974
26 543
158 799
779 413
288 916
447 366
524 113
138 858
212 448
614 182
306 260
620 847
543 581
82 403
421 534
711 314
177 155
680 93
870 733
697 16
360 509
183 822
301 611
568 705
155 126
950 786
425 475
23 917
661 853
907 566
678 660
382 580
275 918
74 967
318 307
973 336
677 295
808 293
943 825
762 233
641 7
697 546
656 840
759 277
670 146
505 596
568 885
248 889
617 136
218 28
88 209
115 134
511 497
946 417
339 855
866 9
604 983
746 14
410 146
600 952
891 828
388 893
842 51
79 44
567 7
19 526
184 46
503 465
479 496
282 243
69 818
779 73
79 211
938 650
63 655
17 706
772 799
747 936
168 376
373 116
77 87
683 848
572 764
568 54
86 84
465 76
88 834
491 464
727 14
626 747
891 151
135 828
128 625
802 610
518 845
790 256
243 533
611 741
80 309
814 568
943 195
285 188
642 387
24 182
939 723
818 976
62 518
489 802
998 501
741 113
711 304
134 863
538 62
230 700
664 485
635 428
298 380
779 472
222 346
360 672
537 826
925 393
143 513
336 751
489 323
225 713
274 265
176 345
60 394
992 816
621 642
8 571
205 640
654 149
45 765
856 556
277 165
75 78
792 742
749 713
86 836
981 29
415 807
435 929
412 740
67 43
102 180
168 402
479 125
372 782
95 610
743 648
565 509
200 98
858 714
920 655
385 767
227 714
969 693
760 325
241 561
842 798
691 111
598 548
411 9
445 92
617 853
386 173
875 184
951 911
759 636
397 28
378 470
612 746
120 278
835 620
796 332
592 50
926 425
26 775
670 721
226 409
154 454
328 530
195 720
877 421
879 229
523 805
78 539
749 266
119 635
900 356
772 790
605 678
987 929
395 96
876 923
522 333
384 121
599 570
88 432
839 922
420 789
580 339
79 101
523 86
533 410
152 124
86 165
674 602
490 43
9 644
961 577
536 973
414 534
32 291
323 161
820 674
709 423
132 31
288 793
674 155
931 763
475 501
926 253
50 793
181 383
308 821
449 785
878 355
193 113
145 441
813 720
568 587
654 860
153 32
328 657
724 694
225 810
897 835
870 65
747 342
933 878
422 467
907 815
818 484
789 878
26 905
197 382
889 751
621 956
942 691
456 968
391 407
501 243
983 106
172 419
350 906
363 383
654 428
944 635
983 65
715 113
173 899
168 820
801 435
637 310
39 76
38 376
682 45
452 636
362 441
128 245
645 932
8 789
636 301
586 210
664 205
564 755
132 939
392 98
407 468
130 451
886 386
352 315
735 153
36 238
451 664
596 572
81 392
112 582
680 878
149 177
985 70
789 389
814 501
913 170
693 332
13 628
767 11
980 860
888 251
28 528
234 460
173 170
472 453
989 662
692 320
696 584
778 68
338 908
288 927
25 589
315 992
149 501
483 793
27 411
234 856
252 311
74 832
362 141
434 490
484 115
648 866
633 978
314 34
995 573
959 683
123 5
932 784
949 312
977 504
316 839
381 824
524 7
555 739
703 863
759 968
209 127
887 108
903 154
494 4
726 949
889 156
362 789
406 112
8 524
646 586
797 77
59 843
280 463
932 748
178 235
340 794
577 244
849 277
881 476
826 426
189 407
384 395
114 333
551 305
667 875
79 416
835 77
671 582
405 602
530 530
525 739
466 222
158 629
856 952
865 915
58 763
388 94
905 146
588 634
626 7
175 486
731 801
238 900
895 393
658 277
874 725
241 632
352 565
319 619
304 377
457 617
896 935
742 510
610 156
29 394
912 890
185 960
525 784
594 303
720 254
610 774
143 651
762 498
362 753
862 863
743 626
110 624
322 252
659 344
995 84
434 66
371 814
667 919
935 695
423 392
337 664
242 370
579 78
728 612
141 979
91 85
630 22
859 620
766 18
938 805
781 714
21 546
937 348
342 194
777 213
671 833
679 805
202 292
378 425
487 122
62 986
112 702
796 701
769 28
968 753
971 346
302 910
845 67
15 108
130 310
488 860
739 713
41 786
877 686
93 88
102 177
218 644
588 909
143 646
801 426
401 763
436 812
332 214
802 281
780 263
265 923
566 912
658 736
618 880
696 911
33 565
246 579
540 48
898 781
510 275
531 733
709 599
401 65
46 828
534 54
81 939
288 391
830 549
377 610
148 577
922 620
168 12
883 564
756 334
33 906
928 12
784 80
313 979
565 748
196 89
58 126
314 702
411 111
240 362
862 113
577 866
537 144
531 818
992 327
734 342
236 187
72 975
925 894
829 990
475 948
384 758
126 15
51 837
663 283
10 371
94 419
190 693
172 415
227 318
501 246
733 586
388 457
917 63
481 232
71 377
174 619
828 993
395 657
613 288
265 678
990 836
537 95
271 516
481 580
866 110
158 340
346 971
984 711
529 63
693 75
325 928
418 511
353 317
30 407
82 996
899 179
334 143
23 15
962 219
183 512
887 144
529 792
172 895
938 700
558 458
200 38
647 533
526 626
760 638
257 651
847 386
291 53
988 323
675 940
760 851
790 369
23 454
829 141
5 63
244 224
387 35
150 697
646 765
481 314
904 408
535 147
367 212
870 252
24 317
402 820
755 340
475 224
189 196
11 422
283 842
537 498
402 433
893 905
926 847
3 894
933 672
52 157
197 867
910 32
461 100
926 485
386 234
972 847
612 89
124 860
770 242
938 632
938 124
711 282
597 977
7 995
369 319
249 339
182 737
154 108
765 996
111 147
291 359
731 905
774 102
893 852
771 249
471 129
433 180
764 299
23 241
557 288
580 693
135 220
926 952
496 532
72 757
616 608
195 220
282 425
110 532
918 133
275 18
334 40
623 692
546 130
477 987
496 592
627 848
225 128
184 290
329 982
726 928
570 805
116 113
874 256
617 163
126 709
580 327
779 96
631 872
641 607
817 398
456 260
481 680
397 565
780 302
193 401
966 189
572 181
611 348
948 51
940 339
957 844
299 916
12 658
729 558
488 516
820 131
391 195
6 894
855 324
733 694
650 490
530 981
204 996
990 464
518 77
984 479
186 445
969 106
104 66
944 37
580 161
32 724
153 995
380 24
722 918
850 773
572 658
8 226
315 267
349 776
641 238
453 614
774 16
301 405
970 72
706 96
954 426
195 252
939 506
160 517
656 607
464 55
790 856
9 917
818 218
316 376
808 101
211 135
706 378
725 689
366 784
282 579
521 716
720 178
910 576
969 474
324 911
984 366
538 342
905 340
379 610
989 944
781 324
181 772
904 159
587 777
968 614
414 558
796 389
36 175
477 993
421 549
549 781
933 83
46 582
309 917
338 372
323 289
483 459
895 621
539 959
265 705
687 610
233 24
134 977
193 28
175 733
366 928
273 557
483 315
924 638
494 328
146 46
955 929
268 889
102 332
25 807
116 87
60 699
265 546
146 555
29 840
790 485
59 199
720 46
863 60
966 802
844 249
798 178
629 938
838 523
790 373
728 567
731 272
253 861
812 278
241 335
774 575
950 244
163 155
358 700
380 644
854 395
464 995
196 199
174 833
891 124
288 505
285 933
510 837
721 954
741 36
644 208
144 53
461 709
769 660
937 788
914 277
261 103
972 30
597 12
324 106
161 804
61 535
947 121
31 137
259 77
447 425
223 420
227 741
757 917
929 791
596 459
95 749
996 470
928 263
120 332
531 567
269 490
885 755
329 14
102 303
319 830
906 518
292 293
43 333
892 405
598 129
311 466
123 641
670 869
417 878
356 78
691 894
76 12
399 40
101 638
645 323
19 559
289 916
465 171
227 776
439 44
409 869
149 365
394 161
600 956
392 287
136 873
280 114
623 110
358 596
335 332
158 725
823 400
876 165
311 326
848 372
834 451
801 412
14 696
464 643
572 249
245 692
2 764
331 219
567 61
784 274
162 974
944 739
245 158
3 850
67 500
52 803
146 974
217 216
747 462
846 854
306 674
906 644
940 538
449 706
855 933
619 810
907 580
557 192
682 978
885 180
803 833
822 127
842 579
405 85
805 585
159 74
265 127
738 250
429 917
994 984
118 808
401 870
219 57
149 271
755 657
417 4
826 687
74 30
911 454
578 905
823 121
54 810
800 932
634 708
774 87
767 618
652 816
340 922
874 971
535 310
274 847
239 47
401 425
874 862
711 12
828 930
520 416
947 988
158 4
269 414
715 582
112 844
785 494
466 958
808 71
363 95
16 962
577 196
128 980
362 921
11 473
553 649
700 513
641 698
124 896
383 180
153 167
330 684
944 716
620 624
453 778
484 519
47 901
438 41
793 620
780 722
783 360
205 512
427 74
95 581
710 481
219 966
819 248
697 902
557 642
176 853
376 877
161 153
876 178
225 664
85 226
640 675
425 680
567 487
915 66
795 347
1 601
218 857
700 770
915 763
462 668
571 385
159 984
579 636
455 743
473 721
994 529
500 505
732 568
315 686
19 680
703 831
430 911
646 610
330 241
161 738
254 154
828 599
632 371
249 889
356 690
124 64
472 229
820 659
897 747
430 776
966 966
194 877
942 988
56 989
172 495
190 136
119 445
674 776
781 337
608 485
762 63
778 410
556 704
755 150
99 21
341 446
513 746
385 992
741 626
980 757
391 72
129 156
479 918
219 450
156 6
928 864
467 668
753 599
455 592
995 256
987 971
345 935
126 719
582 319
985 592
579 169
317 279
839 166
797 591
624 586
429 29
190 157
184 948
417 727
427 911
762 950
850 828
267 218
720 611
595 194
50 460
782 5
434 55
147 405
416 182
150 321
557 574
792 982
345 918
508 798
657 202
33 644
254 492
232 489
489 569
368 849
365 611
479 437
917 909
971 815
940 888
953 785
400 472
53 545
366 336
993 884
799 253
611 125
116 83
564 381
603 471
407 287
265 250
299 821
516 106
103 130
621 530
785 151
580 494
563 727
600 902
709 583
622 739
776 697
378 285
215 958
466 875
978 230
216 872
261 358
756 252
394 205
736 251
383 162
271 158
542 601
982 742
528 363
411 5
703 406
171 331
389 375
481 905
887 489
190 225
550 323
847 624
299 214
438 223
787 103
357 418
296 318
985 807
951 749
437 362
418 722
897 482
660 602
60 7
583 583
310 556
197 631
960 231
27 816
577 13
495 415
199 483
815 277
558 169
677 350
337 998
122 690
618 410
367 195
521 224
14 481
896 277
776 67
497 930
190 995
26 608
998 301
253 818
216 753
849 585
244 608
64 668
8 794
19 834
225 406
897 279
107 41
856 999
285 782
598 55
837 938
4 934
450 626
997 840
963 944
656 937
37 592
200 174
88 672
760 812
696 845
507 162
316 829
0 184
911 124
62 665
634 495
142 93
451 533
255 606
501 833
590 814
257 558
321 545
661 236
162 429
756 951
427 493
232 418
371 683
191 142
518 327
511 303
284 692
70 87
139 594
744 7
824 112
526 163
168 764
291 916
958 907
443 817
200 174
834 675
488 164
911 291
263 616
195 825
317 298
609 272
690 835
978 418
849 612
143 43
230 574
492 967
598 181
900 90
309 847
764 323
123 78
868 116
495 333
969 351
256 873
968 966
294 620
151 95
668 603
912 364
690 376
223 476
940 643
702 660
424 954
204 120
394 352
688 424
776 494
669 159
615 215
197 959
862 525
633 574
589 87
259 176
590 460
496 698
913 72
567 102
442 13
382 865
367 96
910 213
331 21
941 222
109 133
124 166
27 352
26 550
22 349
292 710
929 364
494 264
568 365
420 649
494 291
224 506
145 453
403 603
378 439
601 351
213 246
567 127
893 400
311 995
650 220
908 681
411 647
226 608
560 439
69 260
296 853
26 583
263 833
544 756
837 803
233 463
994 561
749 394
994 358
779 705
779 544
548 794
751 560
835 180
11 78
387 132
967 941
459 451
45 498
952 884
585 635
16 68
645 23
41 875
715 873
575 237
241 526
95 358
741 369
338 800
202 641
358 231
401 787
61 958
122 514
371 483
82 261
37 96
322 839
317 756
659 313
262 519
665 928
209 383
996 701
502 203
215 192
450 835
262 143
557 284
731 560
932 4
962 414
325 415
714 545
41 373
16 120
579 55
758 477
479 16
665 298
203 344
938 36
506 388
529 837
648 69
614 295
650 859
364 6
219 260
296 250
43 509
36 69
23 846
801 494
849 183
330 503
142 372
999 390
295 506
484 347
234 854
508 583
184 928
480 0
393 212
432 331
524 927
836 92
689 832
236 647
780 946
597 554
776 769
278 587
346 67
289 315
430 670
625 561
784 128
475 740
645 450
958 910
689 168
121 374
195 213
182 220
559 944
706 367
891 550
328 619
368 528
437 276
929 883
905 721
629 603
220 994
794 204
445 897
320 143
805 997
888 481
625 963
562 193
483 987
626 545
829 320
549 77
926 410
886 841
89 932
275 12
159 377
285 939
650 687
157 276
384 470
58 176
714 568
85 800
184 932
647 184
12 686
700 21
236 432
89 859
555 882
863 157
358 204
534 783
352 537
686 547
838 885
316 775
798 348
852 21
821 279
719 202
438 471
550 746
775 272
9 951
466 617
518 167
657 690
664 330
917 216
927 835
49 107
991 362
655 925
209 88
966 36
512 621
136 140
754 147
56 782
447 919
383 350
376 293
124 12
147 390
360 791
348 230
847 782
626 109
836 988
950 827
314 116
957 965
970 512
831 619
603 836
124 631
111 216
935 596
197 658
550 793
359 116
921 697
497 202
53 165
653 688
105 441
915 42
834 655
195 982
566 450
313 682
992 289
674 392
631 476
698 166
130 505
792 629
381 434
844 137
551 658
848 518
182 305
733 886
650 575
185 212
261 971
359 263
42 142
715 599
296 517
578 715
852 500
121 216
980 991
251 201
611 445
365 510
975 575
803 153
939 885
868 61
305 742
869 271
806 774
211 437
524 887
30 959
689 884
950 793
665 174
627 696
542 329
39 792
361 328
224 796
762 536
92 303
135 945
399 568
228 474
917 257
569 299
780 202
216 608
988 204
324 377
478 564
687 678
444 401
229 606
417 91
332 369
983 243
852 940
16 527
814 643
773 144
869 439
263 146
301 932
963 293
320 500
954 505
722 877
518 181
676 168
923 468
559 549
55 488
703 867
387 567
495 142
912 624
432 751
6 19
660 986
765 881
684 861
947 216
334 822
185 45
262 58
114 71
26 909
655 677
452 739
1 794
63 598
70 532
583 564
639 188
915 710
553 469
720 28
715 348
477 743
220 485
14 163
157 923
217 486
607 71
362 105
512 412
145 946
870 529
199 530
265 927
469 119
970 378
166 516
247 296
350 280
869 282
696 833
624 132
67 717
476 675
256 155
687 770
194 738
563 835
574 706
490 690
495 837
285 314
758 762
207 443
737 791
332 133
614 84
330 610
95 958
384 74
111 360
548 702
273 413
237 33
955 981
374 682
46 294
464 531
893 943
801 682
866 90
552 643
396 525
500 242
278 859
886 934
858 99
244 893
360 458
186 618
568 439
186 18
317 848
891 135
888 792
738 340
623 407
419 570
312 656
519 493
487 387
261 422
432 357
839 422
269 243
90 990
556 277
860 598
445 988
709 340
246 511
757 890
405 277
444 795
212 618
280 184
354 497
527 449
527 874
905 379
271 398
325 724
600 752
731 211
431 610
998 448
559 571
756 160
24 893
656 571
308 583
737 451
850 505
661 315
16 923
454 389
558 936
311 174
585 232
914 627
870 944
694 691
330 596
58 329
473 74
428 908
549 987
224 688
926 110
209 470
973 44
404 170
94 293
247 577
532 419
409 581
982 251
916 875
161 352
743 498
974 765
451 540
557 743
412 210
336 123
761 455
305 504
702 971
934 699
751 239
628 206
904 125
444 0
429 929
655 864
613 708
335 591
308 335
205 710
145 808
833 983
795 111
483 974
207 935
844 533
448 936
716 609
178 213
793 238
113 594
576 530
204 474
836 125
832 40
348 676
827 263
513 403
487 92
956 765
253 160
888 15
477 939
551 187
164 653
94 233
12 104
401 623
45 538
362 650
98 678
5 650
228 204
33 400
127 853
109 395
357 31
437 302
728 974
186 49
236 528
401 790
807 62
858 579
790 883
353 456
315 271
142 463
854 840
352 841
345 288
969 358
163 556
768 293
195 967
64 875
523 272
448 937
993 940
0 201
593 551
38 942
467 402
415 642
783 568
152 41
810 795
589 860
161 946
0 479
245 676
535 842
110 560
654 856
361 498
483 760
391 283
290 265
325 792
707 602
42 784
804 786
946 794
140 157
723 93
631 266
575 888
801 224
489 791
100 425
80 445
626 672
370 385
488 783
168 488
755 138
594 714
208 254
606 185
711 259
402 427
667 981
496 958
15 780
824 854
625 680
860 8
21 865
152 849
929 635
43 414
309 961
633 461
787 139
227 846
782 579
657 694
892 186
236 354
508 320
200 460
384 270
357 142
72 332
431 859
973 528
988 482
374 369
778 276
931 858
523 573
742 561
427 107
902 317
514 726
256 250
237 546
699 513
913 190
997 605
949 786
941 416
705 434
368 136
755 955
370 106
439 945
235 482
77 774
151 268
791 209
626 190
498 949
983 393
657 620
91 47
323 939
863 528
582 642
582 904
9 445
538 361
117 20
388 135
581 616
802 654
278 379
450 421
152 568
490 804
735 285
92 579
122 814
444 919
548 427
740 123
276 135
549 649
614 75
170 201
263 648
365 935
39 134
992 222
171 53
362 254
260 228
571 118
501 409
430 887
987 502
870 589
440 255
39 762
824 927
976 918
306 569
364 881
197 440
825 835
218 873
825 968
187 597
374 75
110 671
807 629
849 579
992 429
109 800
889 69
661 667
770 0
639 765
168 727
396 741
228 544
0 112
331 94
459 80
696 148
443 968
978 262
401 989
182 961
91 24
582 744
128 511
650 459
817 412
353 825
912 833
700 930
763 426
577 618
198 579
629 183
737 482
312 576
557 744
612 748
336 357
615 677
94 954
337 731
977 526
937 311
503 161
901 837
829 352
766 194
731 154
982 195
591 53
565 730
91 973
327 403
36 786
783 422
954 113
873 245
920 552
755 739
277 745
217 527
775 765
913 502
898 576
896 905
772 749
674 249
715 51
566 472
758 629
647 522
214 106
668 736
908 798
268 795
308 65
900 652
350 210
546 396
416 775
227 179
403 953
919 968
220 537
628 491
773 658
807 912
212 650
376 766
178 417
821 95
114 384
151 945
734 864
325 170
476 774
579 11
248 953
372 298
407 839
424 78
199 50
169 570
653 946
896 213
541 265
280 180
982 11
667 998
245 427
854 867
309 338
339 819
171 607
267 920
606 494
397 694
698 966
779 286
58 725
342 265
421 524
846 120
528 667
254 96
968 461
223 914
877 519
396 686
494 419
61 163
113 144
777 82
647 609
414 902
462 543
842 775
274 607
682 599
786 521
310 831
112 403
680 10
546 88
238 339
73 719
528 300
474 369
541 80
473 669
327 546
432 79
370 148
590 20
348 884
526 894
899 810
620 766
912 897
139 615
562 419
988 255
636 15
790 982
721 753
899 895
710 553
836 179
205 451
369 471
379 88
922 487
508 359
715 530
202 912
225 166
268 611
330 633
333 295
64 919
504 686
975 503
581 931
193 425
955 505
783 969
876 580
802 68
622 497
0 59
428 191
62 335
516 122
757 278
140 838
745 165
58 755
997 858
69 214
755 365
881 323
463 590
470 832
780 701
711 797
402 16
965 852
592 91
64 730
564 71
892 22
578 618
136 839
185 957
407 560
297 528
470 650
428 263
506 54
965 994
0 554
900 944
917 94
938 885
676 262
348 843
834 45
238 646
146 856
327 797
891 53
834 227
459 612
145 164
304 455
54 430
741 153
419 508
942 994
703 727
195 763
780 251
45 118
871 387
658 106
822 983
827 501
286 212
35 328
962 698
156 536
217 598
452 885
392 436
333 903
225 377
497 373
279 545
457 245
688 383
423 413
136 580
805 451
909 877
807 126
315 69
292 539
64 279
950 127
838 445
925 12
918 268
348 802
247 260
890 230
435 883
661 543
305 872
342 98
351 540
208 346
452 33
579 571
867 126
715 830
562 275
736 369
111 146
884 592
551 81
732 224
186 507
675 500
552 673
438 937
171 998
839 498
587 775
241 618
517 782
144 263
605 779
519 804
675 791
536 457
764 992
727 609
54 379
833 288
603 741
761 773
801 489
111 916
176 526
567 176
482 28
446 837
165 147
76 527
138 419
640 631
420 320
251 352
327 95
625 226
804 539
611 216
956 721
602 226
353 250
100 459
84 689
900 378
852 67
521 518
526 865
572 970
220 879
516 498
146 479
149 699
858 660
363 894
229 390
471 88
43 410
167 223
119 461
825 178
800 605
321 612
509 96
885 370
544 51
359 469
81 967
836 962
327 914
551 692
447 223
352 427
811 678
198 232
984 338
900 86
542 370
264 129
81 618
516 931
779 330
856 671
863 288
703 768
72 771
994 505
551 712
935 772
714 633
117 713
854 465
595 470
280 129
550 337
690 663
714 392
792 130
739 930
308 438
540 331
332 461
818 889
573 801
966 784
734 991
981 550
652 227
431 358
204 199
966 985
717 196
394 52
340 188
702 207
269 895
602 217
397 495
422 300
875 286
851 140
360 297
727 231
981 887
240 122
474 939
788 27
820 464
783 623
376 249
632 27
452 306
157 228
142 930
439 520
872 677
174 111
917 134
953 49
310 333
593 189
818 458
411 988
98 729
205 237
228 714
313 991
736 588
619 279
621 196
119 959
449 617
308 586
841 511
214 618
4 779
472 122
900 36
182 415
766 203
815 5
386 816
112 64
569 236
229 189
899 69
101 276
943 742
431 874
70 984
333 41
326 934
234 830
304 251
987 7
514 799
907 69
431 291
307 910
502 403
405 587
180 991
284 387
179 413
397 2
213 597
36 893
220 604
188 973
895 866
845 73
727 504
572 443
525 750
248 983
583 552
331 315
543 445
19 135
74 192
291 327
914 531
935 236
242 527
647 372
298 518
733 404
735 316
494 392
11 339
483 7
240 389
463 457
397 883
585 166
402 925
404 550
975 17
780 807
424 321
371 475
264 305
915 946
637 737
43 920
715 209
326 573
477 719
102 807
153 74
723 298
167 11
162 623
322 320
530 884
217 565
976 858
656 232
145 117
756 72
130 940
167 597
106 271
134 187
19 979
765 59
784 653
778 148
145 697
40 85
909 716
15 222
242 970
671 263
311 291
976 712
321 313
71 64
389 345
913 418
131 327
423 986
448 793
861 702
379 478
169 343
772 609
454 432
834 220
72 362
27 433
605 165
453 495
233 271
900 231
484 920
485 86
761 569
819 599
749 651
429 173
411 691
911 503
767 555
598 20
676 745
522 357
404 524
319 642
663 936
67 47
150 364
969 557
468 655
496 967
841 259
477 856
213 380
772 314
899 303
632 269
383 430
845 887
773 24
743 291
659 912
645 816
192 121
157 263
636 331
305 43
72 26
109 670
809 11
644 378
951 162
801 364
330 193
967 935
477 740
30 350
656 484
469 780
66 438
304 461
25 858
583 489
316 319
499 898
53 508
991 897
83 744
23 693
696 270
872 78
774 626
526 289
355 748
399 453
728 425
282 132
634 950
230 260
608 695
746 228
499 445
394 635
145 394
821 876
450 141
522 938
226 775
483 676
13 804
713 13
568 410
367 65
503 906
442 417
407 361
953 715
746 490
945 674
105 107
678 223
673 608
662 239
280 306
104 527
937 165
742 289
147 500
161 829
953 341
625 826
987 285
223 566
574 861
979 421
811 960
941 482
989 930
617 555
733 737
634 255
604 530
198 464
484 405
148 831
632 400
691 433
754 95
143 511
254 217
256 45
70 125
535 782
264 437
760 992
751 925
75 988
70 412
632 787
135 351
531 894
383 923
313 579
201 48
959 904
848 606
209 218
829 590
142 482
425 779
125 40
327 112
818 70
213 438
105 377
223 354
798 41
942 745
872 128
537 243
964 731
183 243
476 361
771 861
194 761
686 85
93 45
912 733
58 955
41 425
80 780
236 987
938 303
390 990
595 865
550 106
322 403
706 671
426 878
314 202
571 593
953 324
44 593
127 664
366 635
693 212
619 320
958 466
632 49
147 220
554 336
59 375
547 315
923 321
413 744
355 762
703 477
237 801
106 241
670 702
430 789
412 175
652 843
914 673
187 782
768 833
234 302
257 195
255 28
43 129
695 429
140 980
456 516
378 565
746 893
931 152
558 613
212 116
654 917
445 658
860 861
775 976
893 600
242 241
108 213
969 57
536 767
761 751
413 449
916 603
788 72
418 206
338 2
67 685
269 883
435 796
264 850
281 832
948 945
28 387
543 285
438 212
506 817
544 723
156 10
787 976
705 69
650 638
541 283
169 515
122 667
692 908
309 167
659 84
762 52
742 801
628 56
394 506
185 597
948 961
99 707
885 972
605 182
330 825
404 754
249 359
85 149
603 282
148 356
842 674
136 569
675 942
320 185
734 117
425 948
322 956
409 33
165 977
735 518
46 879
506 812
709 637
365 349
383 561
644 461
967 809
588 503
320 503
583 183
666 63
36 341
254 952
91 805
814 888
93 304
744 793
707 103
703 167
752 682
331 479
440 175
63 281
589 970
433 336
495 744
439 200
600 421
496 455
64 487
61 358
387 981
278 224
706 504
350 494
264 467
606 921
885 208
933 510
702 752
531 513
456 424
722 319
655 202
660 19
412 903
40 490
258 546
558 100
170 492
769 520
57 196
667 365
464 43
816 956
629 532
990 169
860 723
136 101
112 714
222 649
20 998
607 348
626 613
481 352
785 346
271 460
76 675
592 907
961 658
776 584
323 27
859 744
930 833
778 316
579 809
289 774
406 535
213 503
178 312
625 784
714 255
471 607
512 928
56 87
636 882
650 108
183 514
286 462
888 299
384 347
595 116
161 462
285 739
571 738
817 625
939 463
830 622
255 300
524 707
8 495
843 210
609 558
273 324
774 186
145 808
648 479
292 823
713 357
54 9
175 788
55 581
292 103
513 409
912 24
173 20
991 421
922 638
216 875
205 167
142 57
98 664
287 874
188 993
423 937
622 271
696 719
179 727
969 674
836 800
354 313
27 621
492 710
25 333
318 30
205 624
703 983
889 103
531 562
676 204
818 75
861 255
786 816
306 114
773 900
795 678
70 201
913 831
747 24
470 478
838 712
280 9
685 23
940 164
689 34
20 337
125 203
174 573
805 106
580 498
446 939
995 577
172 418
321 53
881 975
403 616
255 441
687 881
719 434
431 348
75 918
454 533
281 174
726 197
908 103
787 701
36 931
5 334
527 830
760 333
321 579
895 925
644 958
94 31
442 122
305 87
39 856
693 986
923 828
18 537
14 81
302 323
912 551
606 130
140 532
492 666
843 875
509 352
403 617
401 602
441 62
524 470
197 151
966 372
464 927
945 911
903 441
990 104
477 914
900 66
56 12
117 227
559 197
514 348
845 453
986 100
991 515
933 872
199 764
588 193
413 311
891 987
642 292
239 863
951 790
187 273
907 512
90 468
769 719
470 87
101 934
816 8
678 417
474 211
146 186
23 666
787 90
64 54
805 915
97 546
704 867
64 72
855 352
445 589
468 509
25 738
612 493
416 59
57 838
436 700
244 531
305 408
6 991
863 171
322 2
409 240
480 596
148 176
964 538
693 581
570 580
184 115
664 958
327 150
952 893
665 265
308 423
585 92
834 453
811 226
768 564
355 809
380 110
255 459
558 220
574 933
981 954
904 323
960 696
851 192
580 523
780 899
131 827
555 301
627 109
851 763
123 717
207 478
980 374
226 702
336 975
201 286
834 716
930 5
18 8
85 950
679 128
648 870
395 271
916 751
63 394
502 128
463 105
432 900
604 600
991 633
910 56
946 139
424 366
301 505
229 991
644 776
961 404
359 218
530 895
813 519
762 865
896 890
27 342
263 897
437 717
583 622
92 633
853 878
955 133
559 228
691 832
679 72
127 304
936 122
370 865
733 417
892 758
591 854
219 307
495 774
248 95
721 8
518 28
580 158
375 613
385 135
423 156
715 121
687 622
858 176
351 592
423 431
419 795
29 717
402 829
567 76
852 298
683 860
457 596
271 699
381 429
72 790
204 223
774 25
136 746
136 151
881 281
166 503
373 171
426 817
206 103
370 898
624 696
476 701
869 742
466 810
31 46
591 705
918 818
510 17
540 71
168 970
305 339
785 369
443 330
918 150
712 576
843 775
504 818
498 357
193 956
224 547
988 845
895 704
471 686
426 984
898 55
790 149
562 249
517 273
656 944
500 548
516 516
184 363
436 117
311 882
512 78
773 205
315 541
986 494
744 668
895 381
609 435
902 664
566 220
752 363
702 614
82 671
24 504
185 917
203 294
203 740
336 486
849 79
395 711
545 742
7 204
955 586
270 602
620 321
147 117
185 216
672 677
497 78
523 681
75 784
306 568
786 428
499 790
180 547
411 273
391 642
221 994
934 310
736 317
974 75
850 851
629 968
544 346
633 237
931 157
317 758
411 100
213 968
363 716
598 685
606 471
793 230
775 396
354 278
491 433
287 357
305 19
191 230
364 111
584 690
153 739
4 382
473 692
727 861
483 377
345 215
453 31
791 409
552 565
109 702
12 737
88 366
746 459
520 335
85 747
451 259
263 931
405 166
834 481
854 872
465 196
974 909
765 863
390 210
183 432
877 466
230 417
29 70
148 304
563 429
67 848
82 771
511 252
494 408
414 904
424 429
170 908
946 13
517 743
545 728
666 609
903 820
698 494
758 344
738 466
436 203
222 836
234 845
871 293
615 787
331 808
134 204
642 850
195 589
260 278
845 387
766 540
366 599
126 672
615 654
682 591
506 687
52 832
582 526
298 637
966 387
857 18
131 27
262 254
877 795
232 55
519 406
37 624
726 740
120 650
763 77
53 698
103 778
675 463
63 381
760 358
872 117
127 139
630 212
453 135
420 703
793 562
108 157
621 752
621 883
196 196
79 635
42 89
531 525
129 505
364 670
105 365
877 798
326 253
369 441
794 604
882 168
267 817
379 665
917 936
421 733
450 75
730 486
647 849
542 88
662 751
974 379
5 432
566 640
388 182
622 111
140 198
905 254
252 954
333 280
922 873
366 763
733 135
981 390
129 903
221 303
88 721
443 37
356 104
269 366
816 995
519 252
582 388
662 26
109 340
693 212
284 2
18 387
186 831
284 396
941 535
768 767
818 611
8 979
539 689
75 500
659 452
469 758
553 146
649 791
370 479
461 260
343 319
27 22
846 740
329 935
116 182
48 253
749 895
776 889
947 653
952 159
60 519
200 140
594 345
603 824
569 667
160 144
865 540
19 574
466 843
248 84
738 277
521 528
963 951
175 467
779 264
185 712
453 613
290 43
606 66
225 45
615 12
795 830
934 320
662 139
512 655
315 798
939 824
84 610
111 543
573 494
838 850
31 707
702 576
75 253
400 740
815 611
450 541
93 212
592 751
621 785
710 825
617 305
369 737
540 755
520 475
963 420
723 531
944 137
992 691
545 900
795 435
361 722
698 506
346 924
412 691
918 606
640 673
689 512
54 33
155 322
410 462
464 495
116 842
950 25
529 647
691 995
776 351
85 294
782 640
775 310
658 759
412 533
703 342
897 81
466 168
683 913
164 369
45 145
652 316
373 962
913 270
665 250
195 736
562 309
958 622
53 158
258 267
371 32
108 133
279 232
107 182
691 916
117 186
557 623
788 499
130 327
832 92
612 843
587 467
749 124
630 238
155 482
774 881
644 441
332 248
242 38
109 703
169 797
852 370
601 849
770 261
49 309
413 487
500 97
264 323
895 539
668 437
385 149
283 538
363 656
256 765
717 980
461 447
378 957
242 290
329 907
441 668
193 130
828 21
157 702
967 310
562 135
582 977
256 113
389 294
336 305
195 173
366 107
524 812
487 12
860 204
541 713
575 628
30 608
463 67
115 491
624 124
134 822
964 941
499 42
555 903
387 119
946 458
602 529
737 622
195 155
523 856
544 787
637 180
788 172
170 583
638 936
868 915
594 785
259 870
491 990
514 49
872 133
977 418
773 819
321 288
284 483
357 69
342 68
732 749
548 476
319 277
657 672
491 870
185 55
533 253
337 449
942 745
331 471
861 440
40 887
797 60
380 638
416 453
681 783
116 614
50 624
58 149
492 521
758 997
885 709
486 792
841 153
688 391
652 245
627 498
434 899
114 258
782 295
73 318
18 741
621 630
992 612
245 759
639 373
309 771
814 727
634 682
764 175
313 245
792 80
810 725
626 504
534 375
905 511
662 823
544 887
444 355
992 893
832 103
247 666
736 665
391 894
137 156
355 881
115 249
749 446
436 777
398 158
794 117
458 927
297 165
788 374
859 145
894 56
339 653
591 588
640 469
74 408
585 78
367 261
349 902
188 597
846 932
281 704
585 904
872 689
443 73
114 635
810 426
301 214
250 657
506 227
626 722
578 531
864 744
570 475
21 266
620 275
495 344
333 983
671 989
510 217
656 666
760 546
570 517
427 688
551 308
134 495
626 788
889 349
381 704
696 994
109 965
758 743
727 300
385 329
581 678
980 517
137 246
707 819
65 610
812 462
507 231
565 810
536 164
681 513
602 803
826 542
535 877
340 985
212 547
842 792
256 199
346 109
739 247
495 895
62 870
173 732
729 907
466 403
760 157
273 314
447 158
172 45
652 553
314 278
679 638
966 496
17 703
261 583
442 228
769 256
507 668
601 930
473 245
813 773
724 919
895 597
406 235
992 61
693 860
73 39
14 146
531 788
864 117
274 659
53 676
773 726
599 241
321 832
550 865
450 21
829 427
515 209
407 744
957 69
953 429
32 263
653 443
102 258
747 410
620 679
748 594
231 27
883 798
760 481
816 280
528 343
142 268
464 39
527 126
472 102
630 799
626 143
817 249
588 365
578 19
994 880
912 438
308 386
113 575
962 575
14 205
697 348
567 821
811 660
323 475
838 295
929 878
836 48
543 212
261 387
972 227
746 853
742 309
722 543
175 335
415 160
235 90
757 748
852 912
179 455
245 801
82 633
75 222
449 166
378 166
396 116
636 779
140 728
137 691
16 478
806 78
209 989
595 518
817 731
986 109
561 881
160 309
44 396
22 414
741 795
422 275
650 506
182 556
698 865
573 559
102 430
21 330
88 201
536 517
9 210
501 523
903 960
303 285
397 135
839 288
533 575
622 745
84 320
323 768
400 995
423 889
122 896
855 137
317 575
677 340
934 874
190 545
211 306
610 375
445 589
773 661
432 171
865 292
472 324
879 284
774 680
118 511
499 382
613 108
875 470
63 424
512 412
814 3
409 422
902 69
250 756
996 91
88 130
746 656
319 971
834 847
382 447
886 35
983 281
53 299
50 285
307 473
256 765
432 89
262 9
456 248
661 551
924 357
207 576
200 547
269 934
708 330
820 10
464 832
710 569
978 911
291 136
670 232
864 265
493 838
284 612
298 606
7 988
751 94
709 916
524 974
706 636
219 522
15 823
858 769
236 232
655 176
700 449
76 27
155 573
950 906
366 927
544 370
373 235
487 897
409 281
511 603
698 699
118 372
277 603
946 66
990 663
734 416
137 15
819 167
186 866
518 0
800 920
557 157
773 713
931 690
526 159
814 275
716 622
150 763
626 640
537 167
732 466
608 675
33 652
220 959
655 803
385 184
709 206
468 969
326 670
865 665
654 198
67 31
884 66
371 277
957 361
922 167
946 763
649 930
207 628
318 541
360 347
663 496
724 366
62 725
249 913
502 78
14 465
68 370
397 589
252 837
407 203
900 929
58 446
999 322
861 830
865 585
520 731
777 605
558 265
897 66
509 707
73 639
575 764
29 981
999 478
639 741
236 973
696 674
376 640
362 744
855 762
349 187
260 859
423 382
702 261
750 907
748 412
481 876
243 949
287 253
646 750
997 82
346 355
206 32
594 737
398 812
630 216
785 98
864 162
413 831
207 618
751 19
399 14
862 547
272 154
551 714
402 280
705 872
879 15
959 124
864 930
669 395
808 237
13 957
960 756
529 695
333 932
413 685
632 281
397 932
300 435
758 897
200 181
819 27
272 313
600 736
850 580
489 689
574 734
697 228
940 778
937 464
520 200
327 243
749 579
82 964
496 902
976 311
897 977
981 813
84 830
387 9
989 8
968 389
554 279
66 501
10 584
234 800
409 628
821 54
886 480
370 189
120 854
424 807
810 762
645 511
66 361
804 36
245 981
448 86
794 559
648 986
895 696
397 37
536 3
282 989
297 409
369 559
169 730
142 888
776 182
693 357
632 553
812 234
357 623
362 587
845 454
897 372
314 339
718 628
560 821
678 628
813 685
775 632
972 142
429 583
395 414
192 8
985 202
641 76
331 501
950 782
136 379
576 459
54 194
49 532
155 350
352 716
866 193
918 307
279 890
520 575
400 394
342 182
891 306
259 653
312 289
8 37
820 448
494 842
458 706
208 702
191 53
804 972
831 777
601 165
907 450
514 739
106 41
611 668
348 934
559 325
227 173
11 520
903 758
547 607
218 818
890 873
675 70
15 279
906 56
114 592
267 167
600 384
478 904
37 834
193 736
83 929
256 738
373 286
597 688
986 54
560 824
92 290
772 738
592 823
919 800
277 38
476 952
25 409
789 559
692 521
313 729
691 405
11 312
997 485
289 849
140 429
767 3
521 891
291 110
66 815
701 904
762 148
209 230
532 411
343 918
444 281
43 285
430 97
667 206
82 590
505 254
718 24
445 897
400 269
294 151
708 483
577 251
883 101
219 837
314 225
87 718
959 489
268 136
757 916
447 738
876 759
468 575
473 934
27 728
252 774
660 756
822 464
798 292
591 790
900 961
498 326
799 506
533 194
230 492
194 145
91 140
455 289
170 507
955 272
508 588
545 552
826 374
89 175
184 73
186 507
814 106
527 187
787 121
908 484
623 293
649 320
27 839
6 107
318 587
353 192
780 943
856 289
989 982
94 894
212 969
526 263
397 794
900 589
496 273
899 664
915 36
12 546
72 315
705 34
786 383
38 890
994 748
517 983
559 450
860 149
526 881
334 719
864 587
9 68
37 306
974 531
363 817
97 708
771 948
591 454
710 125
487 198
236 886
723 16
56 246
152 534
560 390
497 122
164 289
626 165
10 614
664 711
88 238
36 436
808 800
938 926
847 912
720 478
556 861
577 77
886 480
675 341
527 288
676 605
867 27
467 958
403 341
678 17
438 954
54 203
806 859
388 409
998 868
731 444
797 249
220 520
853 584
794 71
73 745
223 586
768 3
576 311
349 735
389 846
755 812
581 432
84 514
437 281
214 294
770 606
567 371
576 656
899 303
718 35
275 395
669 433
813 155
321 815
25 313
973 80
486 769
300 583
576 752
123 974
711 982
562 996
213 259
313 347
672 894
836 684
58 802
26 541
20 79
881 576
258 259
721 152
632 770
600 820
18 769
107 764
182 380
554 9
566 347
438 286
258 874
664 696
16 227
797 350
161 964
767 635
266 319
974 495
404 317
983 71
144 884
339 432
141 787
971 155
891 368
480 803
827 891
90 149
234 99
723 827
514 455
61 292
883 254
249 231
255 787
88 203
38 487
988 706
720 854
229 380
759 936
542 764
665 312
767 90
745 15
669 284
958 505
376 177
412 915
263 980
535 643
226 620
467 760
57 141
560 275
331 90
333 617
671 944
679 118
884 797
152 905
395 558
966 482
560 372
314 337
449 745
559 150
708 741
939 266
378 506
594 730
553 178
376 715
736 806
620 148
925 693
203 897
424 388
576 180
58 160
337 139
148 252
38 9
795 174
405 187
110 545
445 812
172 338
864 661
379 414
322 157
84 820
248 207
313 894
20 273
632 220
787 698
838 928
168 604
197 156
299 175
224 854
188 388
522 265
722 111
328 116
810 882
733 513
101 767
334 233
294 20
4 920
600 643
42 224
139 406
973 888
44 153
341 645
555 782
182 690
119 174
171 92
995 171
528 483
151 487
650 281
741 868
448 89
567 28
464 165
737 679
522 46
863 39
213 438
859 743
149 879
293 222
689 602
95 913
5 410
969 848
764 385
999 972
219 27
473 572
634 867
132 988
15 497
632 167
622 541
929 712
546 715
253 905
611 872
848 185
260 840
492 914
275 575
466 98
818 790
866 242
535 453
862 551
22 900
57 781
215 726
447 176
501 422
694 622
474 953
479 481
592 134
245 348
57 281
71 821
360 637
982 141
119 978
642 147
665 248
392 64
365 886
706 422
104 667
559 533
7 503
911 521
233 355
350 935
822 461
867 684
352 436
711 944
74 204
852 586
319 215
269 902
836 813
127 157
212 284
630 224
900 843
195 574
70 996
547 317
174 782
521 887
617 768
620 732
821 770
453 837
909 175
297 585
185 545
57 179
190 241
728 744
998 806
695 990
366 428
82 143
630 774
998 702
207 148
365 50
477 553
738 255
67 452
503 612
803 979
817 778
471 140
801 917
417 722
45 488
679 887
909 725
330 395
18 483
891 680
834 976
12 302
297 843
37 255
674 94
197 851
579 76
445 955
968 417
229 836
733 196
206 303
883 250
464 949
52 930
746 557
489 882
738 520
519 273
856 686
645 33
265 444
650 142
737 402
587 981
38 301
565 750
165 615
789 69
991 652
334 99
256 186
848 442
9 867
592 878
476 980
91 150
45 682
211 874
683 31
350 157
451 82
824 902
26 705
851 39
951 724
35 292
675 100
847 896
337 755
165 701
166 543
619 268
671 8
134 77
172 586
761 652
165 769
339 163
905 838
783 929
272 484
118 258
495 614
984 105
49 784
727 560
746 222
606 340
587 920
298 749
265 514
680 774
619 849
782 489
130 922
373 119
816 88
547 797
900 672
461 962
731 294
278 761
481 66
731 85
928 804
551 894
124 887
598 723
232 62
710 912
292 829
531 670
39 969
76 343
475 45
806 357
247 157
596 940
83 728
166 699
442 317
927 210
235 462
264 578
783 566
452 323
370 988
810 626
524 837
941 194
927 41
784 699
680 931
550 377
693 349
996 374
799 226
498 402
709 42
75 905
757 204
713 627
811 966
71 50
253 441
861 401
588 754
603 920
683 195
899 213
40 992
813 205
543 662
864 629
195 258
188 765
140 747
658 480
254 674
987 201
874 57
352 976
574 798
611 992
22 70
708 317
193 672
982 549
116 24
541 846
165 826
642 71
609 853
233 800
499 227
64 514
278 189
919 344
805 482
501 879
780 513
794 665
638 798
875 570
222 957
753 942
670 889
145 574
757 654
63 21
532 272
627 681
414 984
365 226
939 151
60 123
512 615
154 738
842 601
281 516
985 781
713 157
382 98
255 625
319 213
857 994
569 84
386 485
725 463
234 550
210 674
843 569
400 291
146 556
440 940
637 709
974 989
245 782
23 605
452 767
766 801
203 831
759 688
774 517
691 246
268 713
195 284
425 592
589 76
270 538
900 121
629 658
1 628
500 156
69 503
715 677
802 726
581 689
471 246
277 824
562 678
382 925
67 360
186 523
601 646
226 569
325 352
757 216
99 706
698 746
308 533
283 16
349 269
494 442
170 293
511 393
566 830
514 678
54 42
451 387
346 684
917 638
799 728
666 630
432 311
132 426
539 663
606 931
181 497
347 188
127 339
809 591
302 509
290 647
480 194
378 208
863 434
746 933
66 118
463 536
504 459
179 395
868 612
786 378
460 528
868 880
842 858
274 23
792 515
853 564
624 566
163 823
165 657
643 817
365 99
898 106
227 310
575 689
486 35
170 799
231 661
145 427
99 586
297 378
438 443
119 558
259 213
461 264
830 121
123 219
738 457
467 396
167 148
410 272
702 206
953 998
553 665
659 159
516 639
77 642
591 348
269 525
963 793
791 663
921 578
870 728
607 625
562 789
862 222
725 4
572 51
457 417
84 647
291 263
553 95
462 330
808 885
623 939
275 544
934 461
811 657
571 810
357 589
998 579
525 196
664 744
132 515
956 648
735 929
704 66
703 144
574 906
796 165
69 673
468 865
400 661
124 941
756 852
978 695
313 479
445 332
27 597
118 419
55 585
446 85
985 432
664 273
757 24
386 277
849 887
724 305
428 780
391 904
360 768
101 722
551 259
126 164
455 700
63 391
2 466
219 20
344 200
549 633
727 803
826 470
834 391
414 748
966 136
276 242
395 97
345 665
539 449
204 883
389 141
110 125
579 511
196 417
732 936
498 847
959 485
621 41
871 839
641 170
804 459
701 814
798 363
318 523
385 204
820 303
602 66
928 590
792 192
842 111
902 684
141 608
715 68
904 366
366 576
654 748
641 79
734 72
318 517
728 98
1 79
65 671
382 439
844 775
739 212
211 593
574 31
948 2
240 191
723 962
135 580
864 698
353 24
643 274
867 661
723 292
289 834
895 504
933 852
633 658
798 298
609 147
167 34
613 897
328 127
133 535
227 305
948 935
466 124
189 965
683 73
450 885
848 204
631 660
924 613
215 282
786 542
535 281
696 35
499 501
962 752
183 118
49 262
522 916
156 477
603 20
408 368
452 712
40 501
932 360
909 422
372 366
362 843
767 87
490 801
234 6
11 482
382 350
464 781
811 339
248 128
304 482
11 927
735 684
621 757
47 358
541 928
397 490
414 342
301 132
481 174
7 431
243 306
81 71
776 938
822 23
516 518
596 882
942 75
38 775
296 995
233 119
338 42
29 779
391 312
761 588
496 70
904 690
927 427
97 767
405 133
792 166
721 871
929 765
806 581
242 672
771 8
730 218
761 371
314 993
918 705
728 985
767 537
952 246
269 219
320 597
389 651
938 669
317 660
896 755
798 487
671 63
839 270
970 956
234 146
109 386
435 196
618 923
397 6
20 942
900 278
665 176
165 850
303 443
993 344
810 69
955 808
185 28
153 832
194 405
847 524
804 789
231 174
108 79
863 535
431 652
315 377
206 494
630 29
745 931
802 216
216 91
612 506
438 387
179 864
789 258
982 268
184 660
161 928
82 21
383 947
593 359
270 524
133 262
796 6
607 590
386 130
310 356
307 674
525 162
181 656
336 766
952 215
917 599
779 647
425 109
460 614
962 728
194 876
546 9
330 856
889 0
362 450
75 872
519 985
384 420
760 313
574 41
944 87
753 847
421 427
98 954
425 390
