# Anzahl der Knoten
36
# Knoten mit Gewichten
0 10.0
1 -7.0
2 -27.0
3 -5.0
4 -6.0
5 27.0
6 45.0
7 10.0
8 38.0
9 12.0
10 -30.0
11 25.0
12 41.0
13 -13.0
14 32.0
15 12.0
16 -47.0
17 -3.0
18 37.0
19 -35.0
20 -3.0
21 27.0
22 23.0
23 -48.0
24 11.0
25 42.0
26 -21.0
27 -9.0
28 -26.0
29 2.0
30 4.0
31 3.0
32 -31.0
33 34.0
34 -5.0
35 -2.0
# Kanten
26 12
28 14
1 7
7 3
35 12
26 24
20 30
1 16
10 7
17 2
26 32
35 24
22 1
20 5
12 15
16 13
30 33
25 9
27 7
30 4
24 15
32 6
20 21
10 29
4 1
24 22
5 4
16 34
19 30
22 27
6 8
12 4
32 22
0 24
24 4
35 30
8 25
0 32
32 4
31 5
