# Anzahl der Knoten
169
# Knoten mit Gewichten
0 10.0
1 -30.0
2 -27.0
3 -31.0
4 5.0
5 -26.0
6 10.0
7 -34.0
8 8.0
9 -35.0
10 23.0
11 -24.0
12 12.0
13 47.0
14 -12.0
15 -7.0
16 15.0
17 -7.0
18 -17.0
19 22.0
20 -21.0
21 27.0
22 -45.0
23 7.0
24 38.0
25 -33.0
26 -21.0
27 -20.0
28 13.0
29 36.0
30 34.0
31 -13.0
32 -42.0
33 7.0
34 -38.0
35 12.0
36 36.0
37 -5.0
38 -25.0
39 12.0
40 -2.0
41 41.0
42 -27.0
43 -15.0
44 12.0
45 -40.0
46 -45.0
47 23.0
48 25.0
49 -30.0
50 1.0
51 25.0
52 42.0
53 -4.0
54 41.0
55 10.0
56 17.0
57 12.0
58 -32.0
59 38.0
60 32.0
61 -43.0
62 4.0
63 -3.0
64 -14.0
65 -33.0
66 -47.0
67 -32.0
68 45.0
69 -48.0
70 -42.0
71 -15.0
72 7.0
73 -20.0
74 39.0
75 42.0
76 -34.0
77 1.0
78 -31.0
79 -6.0
80 -5.0
81 37.0
82 -33.0
83 40.0
84 -39.0
85 -15.0
86 8.0
87 8.0
88 30.0
89 -35.0
90 17.0
91 44.0
92 -9.0
93 43.0
94 48.0
95 -22.0
96 -9.0
97 -46.0
98 -27.0
99 47.0
100 21.0
101 -34.0
102 3.0
103 5.0
104 -9.0
105 21.0
106 38.0
107 -31.0
108 -16.0
109 -27.0
110 2.0
111 -10.0
112 -1.0
113 27.0
114 28.0
115 -19.0
116 1.0
117 -36.0
118 8.0
119 3.0
120 3.0
121 27.0
122 17.0
123 40.0
124 18.0
125 11.0
126 2.0
127 -25.0
128 -13.0
129 3.0
130 0.0
131 36.0
132 7.0
133 12.0
134 19.0
135 28.0
136 -3.0
137 21.0
138 -9.0
139 -12.0
140 24.0
141 9.0
142 -37.0
143 -5.0
144 -45.0
145 -28.0
146 15.0
147 -20.0
148 25.0
149 -14.0
150 48.0
151 -49.0
152 -9.0
153 37.0
154 -25.0
155 -42.0
156 -29.0
157 30.0
158 34.0
159 -9.0
160 -34.0
161 21.0
162 47.0
163 -34.0
164 -7.0
165 -5.0
166 25.0
167 -3.0
168 27.0
# Kanten
125 59
162 27
3 5
27 165
64 136
69 140
136 77
11 17
140 81
5 44
17 16
126 100
12 25
41 7
0 57
23 18
94 146
91 152
9 51
34 24
160 90
0 68
33 28
44 34
161 104
109 162
50 49
53 50
74 16
81 11
55 53
77 17
122 161
119 163
157 126
12 84
24 77
58 56
84 23
141 152
3 110
25 86
23 89
100 13
62 59
96 16
24 99
82 49
51 80
68 60
69 64
33 106
43 103
108 45
64 87
71 76
72 75
78 72
77 74
75 84
11 151
84 86
17 149
56 117
65 109
77 96
85 88
113 59
88 90
24 157
158 25
87 99
107 81
100 94
99 96
107 87
102 107
104 105
64 144
109 106
122 92
150 70
113 110
149 72
114 111
112 114
168 59
47 5
72 158
157 74
78 156
52 4
48 7
102 133
159 80
14 34
87 157
4 61
134 109
151 100
94 158
27 35
121 118
107 144
33 38
122 123
35 43
79 2
19 65
128 139
70 19
54 51
113 167
133 144
6 102
31 73
142 148
158 141
149 156
167 127
156 158
113 6
146 165
152 166
29 103
104 29
106 36
1 143
12 137
130 25
137 23
139 22
125 51
147 27
27 154
143 41
45 152
154 43
157 42
70 132
47 167
54 159
8 10
6 14
30 2
84 135
137 86
86 138
14 21
19 22
47 6
54 1
126 109
21 32
147 108
31 41
38 36
105 155
108 154
0 79
112 163
132 134
165 114
9 79
63 30
136 139
151 129
53 58
125 159
156 130
131 158
27 91
80 48
164 143
61 82
58 85
27 112
1 153
117 28
15 132
42 129
126 46
65 117
154 29
35 152
3 1
52 150
88 115
92 112
115 92
114 103
112 105
108 112
116 104
119 114
4 70
80 4
73 7
132 126
129 131
131 130
130 137
136 132
135 138
15 77
69 41
125 164
147 146
152 155
10 109
164 153
4 128
163 166
2 150
143 4
139 10
24 132
17 145
