# Anzahl der Knoten
64
# Knoten mit Gewichten
0 10.0
1 -42.0
2 45.0
3 -30.0
4 32.0
5 12.0
6 -20.0
7 -35.0
8 27.0
9 37.0
10 -12.0
11 24.0
12 -21.0
13 -43.0
14 -7.0
15 27.0
16 -26.0
17 38.0
18 3.0
19 -2.0
20 -5.0
21 -13.0
22 11.0
23 8.0
24 -34.0
25 -47.0
26 12.0
27 3.0
28 25.0
29 -14.0
30 23.0
31 -9.0
32 37.0
33 -4.0
34 -15.0
35 41.0
36 -5.0
37 41.0
38 10.0
39 -31.0
40 38.0
41 -45.0
42 -31.0
43 5.0
44 25.0
45 -48.0
46 -27.0
47 -3.0
48 -3.0
49 -34.0
50 12.0
51 -3.0
52 34.0
53 48.0
54 4.0
55 -25.0
56 -6.0
57 2.0
58 42.0
59 -13.0
60 27.0
61 -7.0
62 10.0
63 -38.0
# Kanten
3 4
40 25
30 40
56 16
27 53
53 33
55 35
6 8
63 21
10 6
40 58
0 42
11 13
37 2
50 61
12 15
7 30
33 9
5 43
6 39
43 8
12 30
33 14
2 61
15 31
55 6
58 5
19 42
27 35
7 60
12 54
28 39
35 33
49 17
18 50
38 32
36 34
45 28
19 54
28 49
43 39
16 58
44 38
48 30
47 36
54 31
31 57
52 38
43 49
42 52
8 9
59 28
58 32
62 26
30 61
54 44
60 31
22 2
59 43
48 54
58 45
48 60
6 33
35 8
11 24
18 15
8 41
39 9
36 10
7 50
18 30
24 23
26 21
