# Anzahl der Knoten
40
# Knoten mit Gewichten
0 -20.0
1 34.0
2 5.0
3 31.0
4 26.0
5 -17.0
6 35.0
7 18.0
8 -19.0
9 -35.0
10 41.0
11 20.0
12 -44.0
13 16.0
14 7.0
15 5.0
16 43.0
17 -2.0
18 27.0
19 -49.0
20 43.0
21 -45.0
22 -14.0
23 36.0
24 -5.0
25 45.0
26 11.0
27 3.0
28 32.0
29 -25.0
30 -45.0
31 38.0
32 36.0
33 -7.0
34 21.0
35 -17.0
36 3.0
37 36.0
38 -15.0
39 -33.0
# Kanten
19 20
14 35
34 17
30 21
37 35
18 26
2 18
5 32
17 2
16 3
13 15
8 18
35 0
22 16
37 2
0 1
4 9
14 13
36 38
35 6
34 0
9 1
10 22
17 24
16 38
9 17
16 2
10 7
15 37
17 3
24 9
13 11
8 0
