# Anzahl der Knoten
100
# Knoten mit Gewichten
0 41.0
1 32.0
2 21.0
3 35.0
4 31.0
5 -44.0
6 1.0
7 -2.0
8 5.0
9 36.0
10 27.0
11 -4.0
12 -20.0
13 -41.0
14 3.0
15 9.0
16 -42.0
17 -49.0
18 7.0
19 -42.0
20 36.0
21 -45.0
22 7.0
23 -40.0
24 -2.0
25 43.0
26 -34.0
27 25.0
28 -32.0
29 36.0
30 -46.0
31 -5.0
32 -25.0
33 -12.0
34 11.0
35 27.0
36 -50.0
37 21.0
38 -20.0
39 24.0
40 -1.0
41 36.0
42 -32.0
43 27.0
44 -15.0
45 -7.0
46 -33.0
47 25.0
48 44.0
49 7.0
50 5.0
51 -29.0
52 34.0
53 30.0
54 -35.0
55 -37.0
56 -40.0
57 43.0
58 -26.0
59 7.0
60 35.0
61 -44.0
62 26.0
63 10.0
64 38.0
65 -41.0
66 20.0
67 16.0
68 -17.0
69 -21.0
70 -1.0
71 44.0
72 3.0
73 25.0
74 31.0
75 14.0
76 31.0
77 37.0
78 -3.0
79 -17.0
80 -45.0
81 37.0
82 -28.0
83 -14.0
84 -29.0
85 -39.0
86 14.0
87 -22.0
88 -45.0
89 -19.0
90 43.0
91 -48.0
92 -44.0
93 43.0
94 -29.0
95 3.0
96 45.0
97 29.0
98 41.0
99 18.0
# Kanten
9 4
21 11
3 1
19 25
28 16
83 80
39 5
4 15
1 30
27 50
90 64
90 37
33 61
73 96
49 55
50 87
3 81
9 75
73 16
75 23
76 5
52 65
6 84
51 85
71 9
18 72
77 6
9 68
95 43
70 94
18 73
99 91
43 45
60 51
70 2
58 16
45 77
94 74
16 78
87 73
78 10
89 93
49 13
70 84
48 39
22 38
92 83
25 63
74 64
63 41
71 27
22 57
39 57
5 30
39 70
8 6
31 21
77 92
93 17
37 18
27 78
28 85
64 63
91 20
71 66
84 94
93 40
82 50
17 94
93 68
64 37
71 93
11 31
86 46
77 66
78 19
26 11
59 51
78 60
8 9
71 67
37 81
72 58
66 15
29 66
40 88
33 79
6 56
33 86
80 79
5 52
47 57
55 18
79 87
6 61
61 4
17 62
35 93
1 71
60 2
35 14
44 23
51 38
65 56
50 45
85 88
14 48
60 58
5 70
19 71
95 92
