Anzahl der Unternehmen: 10000

Anzahl der Versuche eine Kante zu erzeugen: 20000

Berechne Daten...
erzeugte Kanten: 19997

Berechne Rosinen...
Gefundene Rosinen: 712
Laufzeit : 0.189518 Sekunden

Optimiere Rosinen...
Realwert vorher: 117635
Optimierungszyklen: 2 - abhängige Rosinen: 125 - Realwert: 174732
Laufzeit : 0.069928 Sekunden

Wert des besten gefundenen Konglomeratteils: 174732

Überprüfe berechnete Daten...
Der bei Überprüfung berechnete Realwert beträgt 174732, die Daten sind korrekt.


Gesamte Laufzeit : 0.907996 Sekunden

Sollen die einzelnen Unternehmen ausgeben werden ? [j/n] : j
27 33 34 39 62 64 67 72 84 111 114 115 120 121 123 132 201 207 232 235 251 278 292 313 327 334 338 341 343 362 371 387 389 393 395 410 425 428 431 440 475 486 492 522 527 551 559 566 576 578 579 650 653 660 681 687 704 706 747 749 756 761 785 790 805 849 892 902 934 960 986 991 1017 1019 1040 1055 1065 1093 1096 1098 1106 1128 1143 1149 1171 1187 1210 1222 1227 1254 1256 1262 1273 1297 1298 1325 1337 1366 1370 1387 1400 1404 1406 1414 1419 1429 1438 1451 1457 1471 1486 1501 1508 1542 1555 1579 1647 1656 1668 1683 1689 1695 1704 1723 1732 1745 1768 1792 1804 1807 1823 1835 1867 1889 1932 1963 1964 1966 1971 1985 2091 2095 2100 2105 2110 2120 2131 2137 2153 2157 2168 2179 2189 2196 2197 2217 2221 2264 2288 2293 2307 2327 2334 2354 2381 2415 2446 2540 2544 2553 2572 2574 2584 2589 2598 2620 2640 2656 2657 2662 2672 2677 2688 2692 2699 2720 2732 2778 2877 2895 2920 2941 2952 2957 2963 2965 3011 3016 3037 3042 3044 3051 3067 3085 3101 3117 3133 3150 3165 3170 3181 3220 3221 3229 3239 3244 3253 3263 3268 3292 3297 3310 3312 3340 3351 3353 3356 3408 3424 3489 3513 3551 3562 3573 3582 3586 3597 3604 3637 3641 3669 3677 3693 3698 3701 3705 3708 3717 3735 3753 3766 3782 3793 3814 3815 3848 3897 3901 3912 3919 3928 3943 3955 3967 3969 4025 4063 4088 4092 4104 4118 4125 4140 4147 4156 4159 4210 4221 4237 4239 4248 4314 4346 4348 4349 4357 4368 4380 4392 4406 4412 4454 4462 4479 4514 4520 4522 4553 4573 4585 4602 4612 4643 4646 4678 4700 4705 4714 4717 4721 4725 4744 4754 4758 4777 4811 4826 4827 4828 4871 4873 4888 4903 4921 4927 4932 4939 4971 4982 4989 4999 5005 5013 5049 5062 5072 5098 5111 5132 5134 5165 5199 5203 5206 5218 5252 5260 5321 5326 5332 5350 5373 5392 5394 5424 5434 5446 5452 5457 5507 5522 5537 5540 5634 5667 5683 5690 5723 5735 5756 5769 5773 5784 5792 5804 5833 5861 5879 5883 5915 5927 5935 5941 5951 5964 5969 5974 5985 5990 5998 6015 6034 6037 6044 6089 6101 6114 6121 6152 6153 6165 6166 6170 6197 6239 6248 6252 6299 6304 6314 6320 6327 6338 6343 6347 6360 6401 6415 6446 6503 6506 6507 6541 6619 6634 6653 6686 6688 6691 6699 6703 6742 6775 6798 6802 6844 6863 6865 6917 6924 6930 6939 6977 6988 7010 7017 7065 7071 7097 7109 7111 7119 7170 7178 7186 7191 7197 7230 7234 7238 7242 7243 7249 7253 7269 7282 7284 7294 7303 7314 7319 7332 7399 7400 7411 7412 7431 7442 7472 7504 7527 7531 7561 7571 7579 7651 7687 7693 7701 7703 7713 7734 7743 7780 7781 7789 7798 7815 7831 7856 7870 7878 7881 7930 7936 7939 7945 7949 7969 7988 7991 7995 8004 8044 8062 8066 8078 8089 8102 8126 8133 8134 8139 8143 8145 8157 8161 8176 8201 8205 8208 8218 8238 8239 8247 8267 8280 8302 8304 8321 8328 8341 8342 8345 8371 8387 8392 8410 8437 8460 8475 8477 8482 8487 8499 8511 8535 8548 8578 8580 8582 8612 8616 8617 8636 8654 8661 8679 8682 8697 8702 8716 8720 8728 8732 8740 8747 8753 8765 8809 8829 8832 8857 8863 8867 8920 8929 8989 8990 8994 9023 9031 9045 9061 9114 9141 9149 9159 9218 9230 9263 9269 9278 9289 9298 9312 9328 9333 9335 9350 9374 9379 9429 9439 9444 9448 9449 9475 9489 9517 9519 9549 9571 9573 9589 9598 9617 9642 9662 9679 9699 9711 9714 9732 9753 9768 9779 9789 9824 9833 9867 9874 9876 9903 9905 9953 9955 9984 9996 9999 
