Anzahl der Unternehmen: 100000 

Anzahl der Versuche eine Kante zu erzeugen: 200000

Berechne Daten...
erzeugte Kanten: 199991

Berechne Rosinen...
Gefundene Rosinen: 7393
Laufzeit : 24.4539 Sekunden

Optimiere Rosinen...
Realwert vorher: 1150305
Optimierungszyklen: 3 - abhängige Rosinen: 1340 - Realwert: 1789241
Laufzeit : 10.2289 Sekunden

Wert des besten gefundenen Konglomeratteils: 1789241

Überprüfe berechnete Daten...
Der bei Überprüfung berechnete Realwert beträgt 1789241, die Daten sind korrekt.


Gesamte Laufzeit : 134.922 Sekunden

Sollen die einzelnen Unternehmen ausgeben werden ? [j/n] : j
1 26 42 57 72 98 133 148 159 164 170 178 205 211 212 215 216 225 239 260 277 335 378 392 441 479 513 514 519 555 558 559 560 575 578 589 596 597 602 608 610 641 646 683 698 774 790 796 848 851 855 867 877 892 911 918 939 960 973 975 984 997 1038 1064 1077 1083 1094 1114 1152 1168 1170 1196 1199 1219 1287 1299 1305 1371 1372 1396 1412 1420 1430 1437 1471 1490 1506 1537 1542 1555 1606 1628 1630 1665 1674 1679 1688 1690 1693 1773 1783 1800 1828 1854 1867 1875 1916 1930 1946 1965 1993 2001 2009 2010 2017 2036 2090 2098 2102 2104 2138 2145 2161 2175 2188 2206 2225 2252 2259 2263 2287 2308 2361 2371 2394 2444 2462 2463 2469 2471 2478 2480 2511 2529 2533 2572 2578 2583 2587 2595 2627 2628 2638 2655 2695 2734 2761 2782 2803 2831 2858 2859 2862 2868 2900 2902 2928 2934 2935 2937 2946 2951 2982 2986 2990 3007 3028 3038 3046 3050 3070 3090 3101 3102 3113 3134 3147 3154 3202 3211 3215 3255 3273 3287 3292 3307 3315 3384 3404 3405 3407 3427 3443 3454 3486 3513 3519 3543 3550 3553 3556 3578 3586 3587 3613 3659 3660 3671 3731 3741 3766 3795 3799 3801 3815 3871 3886 3889 3895 3896 3901 3939 3952 3955 3975 4000 4019 4022 4023 4026 4031 4041 4048 4061 4076 4113 4123 4130 4162 4175 4177 4185 4186 4189 4213 4221 4241 4268 4279 4305 4322 4334 4335 4344 4351 4355 4363 4366 4398 4403 4406 4428 4436 4461 4463 4477 4481 4523 4525 4528 4534 4543 4559 4560 4584 4618 4648 4663 4676 4682 4692 4693 4709 4717 4747 4754 4765 4779 4780 4822 4823 4834 4847 4848 4865 4920 4940 4944 4962 4973 5000 5052 5057 5059 5069 5085 5086 5095 5097 5099 5130 5152 5161 5162 5163 5176 5185 5190 5223 5291 5309 5313 5321 5336 5341 5398 5407 5414 5421 5422 5448 5453 5458 5479 5493 5559 5574 5580 5608 5610 5611 5614 5621 5644 5646 5692 5724 5730 5760 5767 5775 5784 5792 5798 5814 5816 5829 5841 5858 5871 5898 5969 5980 5983 6001 6075 6087 6108 6121 6127 6137 6158 6177 6195 6205 6230 6263 6272 6286 6289 6312 6344 6380 6383 6388 6393 6436 6445 6451 6457 6459 6463 6491 6535 6546 6572 6614 6616 6652 6655 6671 6675 6686 6689 6732 6755 6795 6808 6810 6842 6894 6917 6942 6967 7007 7014 7032 7041 7047 7050 7053 7077 7103 7109 7149 7161 7162 7165 7173 7202 7207 7242 7251 7262 7265 7282 7312 7346 7352 7362 7368 7371 7372 7402 7412 7413 7447 7460 7479 7494 7513 7526 7539 7541 7554 7571 7597 7609 7614 7615 7624 7639 7643 7644 7651 7659 7676 7722 7761 7783 7827 7833 7851 7861 7869 7892 7946 7949 7972 7991 8003 8008 8021 8024 8038 8060 8079 8097 8102 8107 8134 8153 8161 8173 8180 8218 8221 8233 8244 8245 8249 8252 8255 8271 8332 8343 8431 8448 8451 8466 8468 8552 8554 8638 8650 8667 8671 8682 8736 8739 8769 8777 8789 8795 8819 8823 8885 8914 8933 8934 8936 8940 8952 8955 8956 8996 8998 9003 9012 9013 9030 9040 9076 9081 9090 9093 9129 9149 9152 9154 9180 9185 9191 9222 9234 9241 9247 9249 9259 9262 9281 9318 9327 9354 9358 9362 9374 9386 9399 9411 9417 9422 9428 9435 9439 9441 9443 9447 9458 9476 9491 9520 9532 9539 9540 9548 9550 9556 9559 9574 9576 9578 9582 9605 9624 9633 9659 9729 9735 9758 9759 9785 9788 9793 9805 9812 9818 9820 9823 9834 9838 9842 9878 9886 9889 9893 9906 9908 9918 9966 9975 9996 10018 10020 10038 10041 10051 10054 10057 10062 10065 10069 10076 10112 10115 10120 10128 10137 10139 10142 10146 10204 10232 10235 10246 10258 10264 10266 10283 10298 10325 10344 10352 10357 10368 10370 10386 10389 10391 10393 10409 10451 10455 10460 10485 10496 10511 10559 10567 10599 10609 10648 10649 10675 10677 10679 10682 10709 10723 10727 10748 10754 10757 10767 10798 10812 10819 10824 10828 10830 10842 10856 10861 10878 10906 10921 10931 10932 10947 10956 10962 10963 10996 11000 11025 11067 11069 11071 11074 11130 11132 11149 11165 11186 11192 11193 11198 11201 11202 11204 11224 11255 11262 11275 11307 11321 11330 11353 11363 11374 11380 11388 11393 11446 11460 11490 11502 11514 11515 11528 11534 11535 11536 11562 11571 11583 11587 11596 11597 11598 11610 11625 11627 11628 11632 11640 11663 11671 11676 11702 11704 11711 11716 11720 11726 11727 11731 11735 11748 11760 11769 11773 11777 11805 11814 11857 11883 11899 11904 11905 11939 11948 11954 11956 11974 12010 12023 12046 12108 12122 12130 12151 12156 12157 12169 12175 12228 12236 12242 12249 12294 12305 12334 12357 12358 12393 12403 12414 12443 12446 12468 12504 12509 12544 12617 12644 12648 12689 12692 12728 12732 12755 12769 12771 12792 12794 12819 12851 12875 12893 12911 12912 12923 13022 13043 13105 13151 13161 13175 13204 13214 13224 13243 13246 13252 13269 13285 13288 13294 13303 13314 13372 13377 13378 13387 13405 13412 13439 13474 13479 13512 13523 13532 13533 13566 13578 13601 13608 13629 13645 13646 13649 13650 13669 13671 13678 13724 13738 13742 13772 13796 13815 13834 13848 13856 13871 13901 13909 13918 13924 13931 13943 13968 13973 13991 14015 14018 14044 14057 14074 14085 14148 14157 14161 14182 14193 14210 14230 14258 14268 14278 14307 14308 14319 14325 14333 14344 14351 14353 14357 14374 14380 14398 14413 14418 14447 14496 14500 14503 14507 14520 14542 14609 14646 14650 14680 14688 14692 14693 14700 14704 14722 14742 14771 14774 14781 14782 14787 14788 14822 14824 14828 14838 14866 14878 14894 14901 14906 14907 14911 14922 14950 14963 14980 15001 15031 15080 15088 15096 15106 15131 15136 15145 15191 15214 15216 15227 15255 15260 15264 15284 15312 15318 15319 15324 15341 15368 15396 15453 15487 15500 15519 15552 15588 15590 15602 15626 15638 15639 15657 15658 15662 15665 15668 15693 15696 15727 15746 15749 15754 15781 15786 15796 15872 15906 15959 15964 15983 16066 16087 16113 16127 16140 16144 16174 16180 16184 16198 16216 16224 16269 16283 16294 16322 16346 16362 16379 16384 16405 16408 16427 16433 16479 16487 16496 16504 16505 16507 16511 16513 16525 16526 16547 16558 16561 16567 16568 16578 16579 16580 16582 16612 16617 16619 16622 16641 16642 16643 16672 16689 16718 16724 16791 16800 16804 16817 16836 16899 16915 16924 16952 16955 16956 16961 16964 16974 16975 16976 16992 17053 17074 17082 17086 17089 17108 17109 17121 17132 17140 17159 17211 17219 17234 17235 17242 17251 17298 17317 17331 17339 17341 17350 17363 17366 17389 17407 17415 17416 17432 17443 17485 17548 17561 17573 17605 17656 17679 17683 17690 17699 17700 17703 17729 17732 17743 17769 17795 17804 17810 17833 17848 17856 17862 17866 17867 17886 17912 17915 17936 17956 17964 17976 17997 18008 18028 18040 18046 18049 18058 18075 18101 18106 18108 18129 18130 18147 18180 18193 18200 18221 18253 18254 18255 18266 18277 18280 18306 18326 18333 18345 18356 18378 18415 18434 18440 18441 18465 18468 18484 18505 18510 18512 18523 18524 18529 18536 18574 18613 18638 18658 18670 18716 18722 18723 18739 18762 18771 18776 18780 18802 18817 18841 18855 18879 18880 18890 18917 18934 18943 18958 18960 18961 18991 19027 19074 19077 19085 19106 19107 19114 19119 19120 19128 19130 19131 19149 19155 19159 19166 19174 19191 19214 19217 19224 19237 19245 19248 19255 19256 19278 19285 19294 19295 19300 19317 19330 19334 19348 19356 19366 19401 19429 19438 19492 19494 19515 19537 19546 19565 19575 19599 19600 19606 19609 19618 19626 19662 19696 19707 19718 19729 19752 19765 19804 19821 19837 19871 19879 19883 19894 19897 19902 19916 19926 19942 19948 19962 19973 19977 19991 19992 20007 20025 20057 20063 20072 20091 20101 20110 20118 20126 20132 20134 20144 20149 20177 20198 20202 20230 20241 20245 20258 20259 20270 20273 20301 20323 20327 20328 20340 20346 20362 20369 20378 20428 20436 20443 20470 20476 20494 20511 20519 20539 20549 20562 20570 20588 20604 20607 20613 20640 20646 20653 20690 20697 20700 20713 20742 20743 20749 20775 20782 20807 20822 20840 20851 20866 20877 20885 20892 20906 20927 20937 20957 20991 20995 21018 21026 21031 21065 21083 21085 21087 21091 21135 21151 21159 21184 21188 21203 21214 21222 21240 21241 21267 21327 21346 21350 21409 21410 21416 21435 21456 21459 21462 21496 21510 21517 21539 21616 21633 21643 21671 21673 21676 21684 21686 21714 21753 21756 21775 21791 21794 21799 21813 21847 21849 21852 21863 21866 21884 21888 21900 21911 21912 21948 21961 21969 21988 22002 22019 22025 22050 22063 22104 22131 22136 22138 22140 22202 22220 22245 22259 22264 22266 22288 22306 22315 22320 22321 22328 22348 22373 22393 22408 22414 22442 22448 22454 22482 22504 22518 22530 22567 22616 22623 22669 22674 22675 22679 22706 22707 22750 22755 22766 22771 22835 22862 22884 22890 22915 22930 22933 22966 22978 23002 23009 23019 23021 23045 23050 23058 23079 23104 23131 23139 23146 23152 23165 23176 23203 23260 23267 23282 23287 23296 23297 23325 23354 23355 23366 23375 23394 23402 23409 23411 23414 23420 23425 23426 23431 23434 23443 23454 23492 23533 23535 23541 23573 23581 23583 23592 23593 23652 23689 23700 23708 23721 23738 23765 23768 23774 23786 23849 23850 23881 23885 23886 23894 23903 23944 23966 23979 23982 23998 24007 24010 24109 24136 24146 24168 24187 24189 24201 24205 24206 24215 24216 24246 24254 24259 24263 24283 24405 24407 24411 24433 24437 24457 24516 24532 24533 24552 24571 24572 24573 24617 24621 24622 24634 24660 24674 24695 24703 24713 24728 24757 24765 24776 24790 24793 24822 24823 24870 24873 24886 24889 24894 24905 24913 24963 25069 25087 25091 25093 25119 25129 25136 25141 25143 25147 25160 25175 25186 25187 25207 25210 25223 25255 25266 25271 25300 25339 25355 25358 25371 25400 25410 25413 25428 25436 25440 25452 25456 25477 25485 25503 25512 25517 25537 25541 25542 25596 25603 25647 25653 25659 25691 25694 25698 25716 25734 25736 25747 25748 25749 25754 25774 25784 25791 25800 25802 25816 25821 25936 25945 25949 25953 25955 25962 25994 26023 26030 26033 26034 26035 26046 26051 26067 26072 26073 26086 26088 26096 26098 26105 26120 26133 26136 26149 26154 26160 26161 26162 26163 26176 26210 26219 26245 26259 26273 26279 26304 26344 26356 26365 26373 26415 26419 26435 26436 26531 26567 26577 26578 26593 26597 26600 26617 26620 26628 26690 26696 26708 26753 26754 26772 26815 26817 26828 26841 26846 26869 26876 26881 26884 26889 26890 26912 26922 26959 26974 26988 27011 27014 27034 27036 27041 27043 27056 27063 27078 27091 27128 27224 27242 27262 27270 27289 27292 27335 27373 27375 27405 27447 27473 27484 27492 27527 27533 27545 27549 27561 27569 27595 27604 27620 27623 27690 27725 27736 27738 27747 27801 27802 27809 27822 27834 27836 27877 27915 27946 27949 27952 27970 27974 28000 28040 28065 28068 28076 28084 28088 28090 28102 28107 28112 28121 28122 28129 28131 28132 28158 28166 28169 28171 28243 28247 28266 28271 28280 28294 28315 28317 28339 28356 28379 28387 28401 28416 28425 28479 28480 28483 28488 28489 28495 28524 28535 28592 28595 28599 28631 28634 28635 28655 28674 28683 28689 28691 28697 28701 28710 28736 28771 28778 28785 28807 28821 28836 28837 28890 28912 28917 28922 28924 28947 28964 28972 28985 28989 28998 28999 29062 29070 29080 29083 29137 29175 29176 29180 29202 29213 29223 29231 29232 29237 29278 29321 29339 29374 29379 29380 29382 29407 29418 29461 29469 29506 29516 29521 29526 29535 29540 29541 29546 29559 29571 29573 29577 29594 29621 29634 29646 29654 29668 29673 29687 29712 29758 29812 29852 29853 29859 29862 29869 29890 29911 29916 29923 29976 29991 30004 30015 30056 30058 30082 30097 30103 30123 30129 30139 30144 30157 30167 30168 30183 30206 30233 30249 30261 30268 30280 30325 30339 30340 30358 30363 30381 30387 30390 30391 30568 30585 30587 30594 30605 30631 30647 30649 30661 30663 30678 30680 30689 30723 30736 30742 30759 30775 30776 30787 30790 30813 30814 30833 30834 30879 30913 30916 30991 31002 31023 31044 31050 31059 31067 31080 31107 31111 31115 31117 31131 31133 31138 31156 31184 31189 31218 31258 31263 31277 31312 31326 31330 31354 31379 31400 31402 31410 31412 31421 31423 31424 31429 31497 31542 31568 31572 31588 31589 31611 31617 31629 31634 31640 31641 31659 31678 31694 31711 31720 31772 31777 31780 31781 31789 31796 31797 31826 31837 31840 31864 31865 31888 31900 31904 31905 31951 31966 31974 32013 32021 32023 32057 32064 32067 32085 32123 32127 32132 32144 32149 32170 32205 32209 32214 32240 32241 32242 32245 32250 32257 32287 32306 32320 32325 32327 32339 32344 32351 32360 32375 32397 32401 32443 32450 32471 32473 32485 32567 32587 32601 32638 32642 32645 32651 32664 32668 32669 32673 32676 32701 32745 32754 32801 32806 32807 32813 32816 32834 32856 32882 32883 32897 32935 32955 32961 32973 32981 32994 33004 33033 33143 33161 33167 33178 33186 33189 33191 33210 33214 33215 33248 33261 33283 33294 33343 33345 33349 33362 33368 33386 33416 33441 33461 33478 33482 33498 33502 33518 33522 33540 33546 33579 33647 33657 33666 33715 33716 33737 33749 33758 33778 33794 33830 33855 33884 33887 33894 33911 33918 33920 33921 33939 33946 33960 33961 33972 33977 34008 34017 34033 34066 34068 34089 34091 34115 34142 34156 34167 34168 34187 34203 34206 34213 34220 34245 34247 34252 34297 34306 34310 34323 34329 34342 34356 34358 34360 34422 34426 34438 34466 34483 34488 34508 34519 34550 34560 34569 34628 34632 34637 34651 34675 34683 34685 34701 34713 34743 34744 34752 34786 34787 34788 34796 34803 34814 34817 34827 34871 34880 34898 34938 34945 34957 34961 34996 35028 35036 35039 35045 35046 35049 35058 35073 35086 35122 35142 35172 35178 35196 35215 35248 35267 35280 35296 35314 35351 35358 35363 35398 35404 35406 35445 35450 35476 35491 35494 35499 35513 35518 35524 35555 35566 35570 35573 35601 35604 35629 35660 35679 35719 35731 35745 35749 35769 35794 35795 35801 35806 35828 35854 35859 35865 35878 35906 35919 35925 35948 35951 35969 36058 36059 36147 36174 36196 36223 36265 36267 36272 36296 36337 36339 36399 36420 36429 36449 36452 36456 36499 36506 36508 36521 36547 36548 36555 36580 36624 36640 36648 36655 36676 36677 36681 36702 36727 36743 36755 36777 36778 36788 36793 36795 36816 36846 36848 36862 36868 36870 36875 36877 36882 36897 36903 36942 36943 36972 37016 37018 37041 37048 37065 37093 37110 37141 37161 37169 37173 37178 37202 37222 37232 37236 37246 37262 37281 37291 37304 37309 37318 37328 37330 37338 37351 37367 37379 37382 37388 37397 37398 37399 37408 37431 37432 37446 37449 37452 37492 37500 37522 37534 37608 37609 37625 37649 37661 37663 37680 37713 37754 37795 37807 37820 37827 37862 37877 37888 37893 37905 37911 37913 37940 37942 37970 38001 38004 38022 38026 38030 38040 38047 38048 38061 38095 38098 38123 38124 38130 38142 38144 38154 38163 38164 38183 38202 38212 38219 38226 38233 38268 38273 38274 38297 38317 38325 38339 38352 38402 38462 38470 38499 38504 38506 38513 38516 38519 38537 38573 38586 38633 38634 38636 38653 38662 38663 38668 38687 38689 38696 38707 38716 38750 38814 38826 38870 38875 38880 38883 38887 38908 38913 38916 38917 38921 38941 38951 38957 38958 38959 39008 39011 39017 39031 39036 39114 39119 39121 39127 39131 39151 39159 39162 39205 39222 39223 39225 39237 39247 39253 39256 39268 39313 39317 39350 39389 39390 39406 39409 39424 39427 39432 39462 39488 39497 39526 39531 39541 39546 39549 39597 39623 39626 39642 39648 39670 39686 39711 39735 39742 39775 39777 39802 39806 39816 39829 39847 39866 39870 39874 39875 39925 39938 39945 39963 39971 39997 40031 40061 40063 40074 40082 40085 40099 40124 40144 40179 40186 40197 40218 40233 40235 40258 40259 40262 40270 40316 40339 40347 40358 40380 40409 40415 40429 40431 40442 40489 40509 40540 40548 40551 40563 40583 40591 40594 40596 40606 40628 40651 40668 40671 40681 40687 40689 40701 40760 40795 40806 40809 40812 40827 40830 40856 40865 40869 40892 40893 40952 40964 40993 41001 41004 41014 41017 41030 41048 41097 41104 41107 41120 41128 41133 41164 41166 41174 41175 41199 41215 41227 41231 41241 41243 41244 41246 41267 41301 41316 41322 41323 41339 41348 41358 41369 41390 41394 41398 41408 41437 41476 41490 41491 41505 41525 41543 41555 41566 41575 41577 41682 41705 41737 41740 41746 41751 41764 41776 41800 41803 41810 41822 41861 41863 41905 41921 41938 41966 41981 41995 41996 42005 42069 42077 42103 42135 42149 42172 42178 42186 42190 42193 42199 42232 42234 42257 42271 42279 42314 42334 42350 42363 42407 42415 42416 42419 42430 42436 42448 42458 42474 42476 42479 42484 42487 42500 42530 42546 42559 42570 42571 42588 42607 42641 42708 42740 42788 42817 42827 42857 42952 42978 42990 43008 43028 43055 43059 43069 43074 43116 43125 43198 43207 43233 43235 43242 43255 43261 43272 43281 43322 43337 43346 43347 43356 43358 43360 43382 43392 43395 43397 43413 43419 43436 43445 43447 43483 43484 43495 43518 43529 43555 43560 43568 43577 43590 43592 43607 43611 43618 43641 43658 43683 43688 43696 43721 43746 43751 43756 43766 43780 43787 43830 43831 43835 43842 43853 43868 43870 43880 43882 43892 43908 43910 43924 43934 43966 44020 44023 44026 44075 44080 44111 44123 44129 44142 44156 44169 44186 44190 44203 44207 44208 44219 44256 44270 44273 44280 44314 44319 44338 44343 44360 44383 44417 44425 44430 44435 44477 44482 44506 44548 44570 44582 44603 44618 44620 44638 44650 44654 44666 44698 44706 44729 44754 44790 44844 44871 44883 44886 44898 44912 44921 44929 44940 44954 44964 44988 44991 44997 45012 45014 45043 45066 45068 45092 45141 45156 45174 45236 45255 45282 45306 45319 45342 45352 45359 45367 45373 45375 45380 45447 45474 45475 45478 45492 45497 45505 45514 45524 45532 45542 45571 45574 45576 45592 45640 45644 45682 45685 45687 45689 45709 45713 45741 45752 45762 45776 45794 45810 45850 45852 45867 45872 45879 45889 45908 45935 45942 45964 45967 45975 46031 46047 46056 46073 46096 46103 46110 46133 46141 46152 46177 46200 46210 46224 46226 46244 46280 46301 46303 46312 46321 46322 46350 46372 46375 46382 46388 46390 46399 46424 46430 46433 46437 46443 46445 46466 46468 46471 46485 46490 46493 46499 46513 46515 46558 46572 46594 46614 46620 46638 46639 46654 46657 46667 46682 46700 46721 46726 46729 46732 46740 46788 46821 46861 46869 46870 46881 46888 46923 46934 46962 46967 46984 47018 47021 47029 47043 47055 47071 47094 47104 47112 47162 47171 47174 47195 47234 47251 47252 47264 47274 47285 47320 47322 47323 47353 47373 47393 47414 47418 47423 47459 47462 47480 47493 47500 47530 47531 47536 47586 47632 47635 47680 47686 47729 47730 47731 47736 47777 47796 47829 47833 47858 47872 47927 47943 47971 48004 48066 48118 48125 48144 48162 48171 48184 48189 48196 48229 48231 48235 48238 48257 48261 48273 48284 48288 48318 48330 48349 48366 48377 48405 48419 48447 48449 48453 48455 48462 48473 48503 48506 48509 48538 48550 48565 48599 48620 48654 48657 48673 48692 48724 48729 48734 48738 48777 48784 48799 48803 48808 48815 48846 48847 48855 48864 48868 48879 48885 48888 48889 48893 48916 48947 48974 48992 48997 49039 49056 49064 49098 49124 49134 49136 49146 49176 49179 49187 49190 49216 49220 49238 49240 49259 49273 49282 49300 49314 49334 49336 49340 49341 49370 49377 49405 49412 49418 49423 49445 49455 49465 49476 49523 49535 49543 49544 49548 49549 49551 49579 49586 49591 49609 49620 49625 49640 49641 49667 49698 49702 49734 49770 49780 49788 49800 49827 49853 49857 49865 49894 49916 49946 49973 50022 50042 50111 50117 50122 50135 50152 50156 50158 50175 50192 50197 50251 50294 50297 50316 50319 50323 50331 50357 50367 50368 50403 50409 50434 50461 50474 50493 50510 50514 50516 50550 50558 50593 50633 50644 50648 50654 50666 50679 50713 50715 50724 50727 50734 50752 50767 50770 50776 50782 50794 50818 50828 50830 50862 50864 50878 50889 50909 50915 50916 50921 50965 50987 51001 51008 51024 51026 51052 51071 51072 51113 51120 51128 51153 51157 51162 51192 51220 51225 51226 51256 51264 51267 51269 51273 51276 51290 51293 51296 51339 51353 51356 51392 51400 51426 51441 51494 51511 51530 51532 51539 51561 51564 51583 51622 51625 51636 51653 51654 51660 51664 51665 51668 51675 51679 51681 51726 51729 51751 51757 51771 51784 51796 51811 51815 51827 51833 51838 51848 51852 51860 51875 51882 51883 51893 51903 51916 51919 51936 51956 51958 51968 51986 51987 52011 52037 52038 52053 52093 52124 52142 52143 52160 52165 52194 52195 52200 52202 52203 52235 52251 52270 52275 52285 52296 52314 52315 52341 52368 52373 52390 52406 52425 52431 52437 52438 52450 52497 52521 52547 52556 52591 52619 52624 52636 52657 52659 52667 52671 52687 52692 52695 52704 52717 52745 52767 52772 52791 52793 52801 52828 52850 52852 52854 52863 52870 52876 52878 52883 52896 52907 52908 52923 52949 52975 53021 53022 53050 53062 53068 53075 53077 53080 53098 53104 53108 53135 53148 53222 53234 53253 53279 53288 53291 53341 53351 53390 53391 53392 53407 53445 53451 53460 53471 53491 53502 53554 53569 53573 53574 53575 53578 53581 53583 53590 53593 53595 53610 53646 53653 53663 53677 53739 53749 53772 53775 53777 53783 53795 53797 53798 53799 53800 53819 53820 53838 53855 53860 53862 53887 53909 53934 53956 53968 53985 54014 54023 54025 54042 54089 54102 54117 54138 54139 54169 54212 54219 54229 54234 54245 54246 54253 54261 54299 54303 54312 54320 54336 54338 54345 54352 54368 54407 54418 54420 54444 54482 54486 54506 54512 54522 54531 54556 54559 54573 54581 54582 54587 54599 54607 54637 54653 54685 54687 54693 54696 54707 54712 54729 54753 54774 54775 54811 54821 54823 54829 54857 54867 54874 54881 54932 54937 54950 54979 54980 54991 54995 55015 55023 55032 55067 55071 55072 55087 55102 55137 55143 55154 55177 55212 55235 55261 55300 55304 55305 55326 55348 55382 55390 55436 55441 55442 55462 55490 55491 55503 55518 55522 55539 55554 55561 55566 55569 55583 55585 55612 55623 55659 55670 55676 55689 55706 55722 55733 55781 55783 55809 55818 55848 55864 55870 55877 55911 55921 55922 55923 55937 55945 55949 55952 55972 56022 56049 56094 56109 56116 56122 56129 56141 56160 56187 56209 56220 56241 56257 56266 56282 56307 56311 56350 56384 56395 56433 56446 56450 56466 56487 56493 56517 56521 56532 56535 56540 56541 56544 56568 56574 56577 56581 56585 56594 56626 56629 56637 56648 56671 56675 56712 56731 56735 56740 56774 56798 56813 56816 56839 56841 56846 56869 56891 56893 56894 56896 56898 56908 56909 56924 56931 56935 56950 56967 56980 56982 56987 57011 57012 57023 57043 57044 57057 57071 57106 57142 57182 57197 57200 57203 57215 57220 57238 57243 57258 57261 57279 57285 57305 57307 57346 57367 57375 57397 57419 57437 57450 57456 57464 57479 57490 57502 57516 57528 57542 57551 57562 57574 57579 57590 57610 57613 57644 57656 57663 57669 57699 57711 57712 57719 57746 57755 57782 57785 57792 57799 57805 57822 57823 57834 57854 57861 57871 57882 57922 57933 57957 57964 57966 57975 57984 57989 58054 58060 58063 58093 58111 58127 58147 58152 58165 58186 58237 58251 58272 58298 58339 58360 58363 58391 58412 58425 58430 58434 58435 58461 58462 58473 58482 58496 58503 58520 58543 58554 58559 58594 58603 58620 58638 58644 58664 58667 58693 58747 58749 58765 58772 58778 58796 58798 58803 58814 58826 58836 58841 58845 58852 58856 58871 58880 58881 58936 58951 58952 58962 58966 58984 59062 59079 59104 59121 59137 59145 59154 59169 59171 59177 59186 59215 59236 59251 59256 59269 59314 59322 59334 59337 59345 59351 59356 59363 59365 59368 59371 59379 59426 59429 59432 59452 59454 59476 59500 59554 59591 59643 59664 59690 59700 59713 59734 59752 59767 59778 59783 59786 59808 59815 59833 59863 59900 59925 59926 59987 60015 60022 60031 60081 60098 60112 60148 60149 60191 60214 60225 60237 60238 60247 60271 60275 60294 60298 60308 60310 60340 60345 60359 60366 60371 60395 60410 60413 60425 60426 60450 60475 60520 60532 60552 60580 60609 60630 60651 60696 60703 60707 60713 60720 60725 60730 60739 60755 60762 60799 60805 60810 60813 60825 60830 60832 60869 60875 60881 60926 60943 60945 60984 60989 61011 61069 61076 61106 61121 61151 61176 61178 61179 61228 61234 61235 61240 61272 61277 61337 61399 61404 61408 61410 61478 61495 61499 61504 61565 61568 61569 61578 61580 61621 61630 61632 61635 61636 61659 61674 61688 61689 61691 61692 61708 61748 61758 61772 61776 61783 61835 61841 61846 61863 61864 61873 61874 61882 61892 61895 61899 61906 61907 61925 61931 61935 61946 61956 62020 62022 62028 62032 62044 62055 62076 62085 62120 62122 62126 62141 62158 62167 62232 62272 62281 62284 62291 62297 62310 62312 62335 62352 62361 62372 62444 62448 62471 62483 62484 62489 62517 62532 62534 62540 62553 62564 62570 62597 62611 62619 62647 62650 62676 62683 62698 62716 62762 62771 62826 62836 62844 62847 62865 62944 62945 62949 62955 62990 62998 63005 63009 63026 63033 63038 63049 63092 63108 63113 63114 63140 63142 63144 63148 63154 63161 63188 63229 63240 63296 63305 63312 63338 63341 63349 63354 63355 63363 63385 63398 63441 63444 63445 63453 63484 63495 63543 63563 63565 63572 63603 63634 63638 63669 63709 63714 63715 63757 63787 63789 63798 63812 63817 63824 63853 63865 63875 63890 63904 63913 63939 63944 63956 63974 64031 64062 64070 64079 64149 64174 64185 64239 64267 64293 64301 64331 64332 64372 64377 64398 64412 64416 64419 64430 64437 64442 64456 64465 64477 64489 64500 64520 64546 64547 64552 64563 64609 64610 64615 64625 64628 64634 64654 64688 64722 64726 64728 64758 64789 64802 64839 64842 64844 64857 64863 64885 64890 64913 64949 64954 64956 64985 65001 65012 65017 65027 65035 65071 65074 65107 65120 65126 65133 65148 65158 65182 65185 65203 65220 65223 65265 65270 65289 65294 65397 65413 65417 65422 65436 65463 65516 65517 35 53 74 76 103 133 194 197 198 218 227 240 247 248 252 260 276 280 287 295 300 305 338 344 348 353 360 374 375 380 417 425 429 465 528 555 558 568 599 605 642 655 689 696 726 772 784 794 797 820 829 835 842 847 855 861 872 875 884 905 911 927 935 949 985 1000 1051 1057 1060 1079 1081 1086 1097 1124 1145 1156 1182 1184 1223 1225 1238 1268 1270 1282 1297 1352 1379 1388 1391 1397 1399 1405 1439 1456 1481 1496 1498 1526 1568 1574 1649 1663 1676 1677 1691 1706 1716 1719 1722 1736 1775 1786 1795 1810 1870 1871 1875 1882 1893 1895 1896 1903 1906 1916 1934 1935 1944 1951 1963 1987 1995 2005 2026 2031 2034 2056 2101 2132 2159 2200 2201 2204 2214 2257 2285 2332 2335 2339 2387 2403 2423 2426 2467 2469 2473 2481 2485 2495 2513 2566 2594 2615 2629 2638 2654 2666 2679 2695 2705 2746 2762 2785 2791 2799 2806 2810 2827 2836 2850 2861 2867 2879 2882 2886 2894 2951 2958 2974 2975 2984 2998 3031 3058 3066 3068 3075 3122 3163 3189 3191 3199 3261 3280 3290 3292 3298 3299 3303 3309 3329 3332 3349 3358 3363 3379 3391 3392 3428 3431 3439 3446 3447 3464 3465 3483 3488 3530 3548 3607 3608 3653 3658 3659 3667 3687 3694 3701 3702 3713 3723 3740 3777 3782 3785 3786 3790 3823 3833 3839 3840 3861 3863 3864 3885 3888 3892 3911 3931 3945 3968 3969 3989 4001 4008 4010 4041 4042 4054 4065 4078 4089 4093 4124 4154 4159 4166 4167 4194 4201 4211 4214 4219 4225 4245 4259 4262 4274 4280 4283 4308 4312 4329 4348 4360 4369 4435 4441 4476 4510 4537 4560 4591 4614 4626 4639 4645 4665 4673 4679 4683 4684 4696 4714 4717 4748 4769 4773 4791 4806 4848 4859 4898 4904 4909 4937 4955 4975 4976 4987 5019 5030 5057 5079 5081 5091 5108 5117 5122 5140 5141 5148 5154 5158 5174 5175 5183 5185 5190 5268 5269 5282 5303 5305 5306 5320 5345 5384 5396 5399 5403 5413 5418 5437 5449 5459 5508 5517 5527 5545 5546 5553 5591 5597 5605 5632 5655 5672 5686 5706 5707 5713 5740 5743 5747 5762 5774 5800 5803 5813 5815 5830 5832 5852 5874 5878 5914 5945 5947 5981 5994 6004 6011 6052 6055 6065 6067 6088 6108 6114 6132 6160 6182 6207 6212 6236 6248 6251 6256 6276 6287 6293 6303 6319 6329 6352 6395 6418 6451 6461 6507 6518 6546 6553 6554 6574 6593 6610 6614 6647 6650 6652 6714 6721 6750 6760 6774 6789 6826 6838 6839 6845 6846 6872 6873 6876 6882 6883 6887 6896 6898 6912 6928 6957 6960 6969 6978 6996 7035 7036 7066 7076 7111 7127 7178 7206 7207 7235 7259 7262 7275 7276 7278 7279 7288 7300 7309 7345 7393 7396 7444 7452 7461 7466 7480 7506 7518 7524 7549 7563 7569 7575 7580 7583 7591 7614 7632 7656 7673 7695 7728 7741 7756 7760 7768 7792 7795 7800 7820 7833 7854 7863 7912 7953 7970 8020 8021 8070 8131 8132 8137 8139 8141 8149 8167 8170 8175 8244 8250 8259 8263 8269 8280 8295 8326 8336 8358 8369 8384 8393 8437 8454 8471 8497 8499 8509 8514 8565 8569 8577 8585 8587 8602 8615 8628 8642 8650 8659 8669 8683 8690 8694 8708 8741 8776 8792 8799 8803 8826 8845 8876 8877 8892 8897 8919 8923 8937 8952 8959 8960 8965 8986 8990 8993 8996 9004 9033 9047 9048 9067 9068 9112 9122 9138 9149 9150 9160 9163 9166 9195 9213 9219 9254 9265 9273 9280 9292 9308 9328 9345 9359 9365 9375 9376 9382 9386 9394 9404 9423 9445 9463 9482 9485 9495 9542 9571 9600 9633 9638 9655 9661 9662 9671 9679 9706 9710 9729 9742 9778 9796 9811 9816 9833 9838 9851 9853 9860 9909 9914 9942 9964 10008 10017 10048 10073 10115 10124 10125 10172 10174 10181 10185 10186 10220 10246 10261 10278 10281 10301 10326 10381 10385 10387 10394 10409 10410 10437 10439 10440 10441 10445 10455 10457 10469 10480 10490 10514 10531 10533 10576 10582 10583 10603 10605 10616 10648 10660 10679 10699 10705 10716 10743 10772 10788 10795 10802 10823 10843 10849 10866 10871 10954 10958 10960 10979 11011 11012 11043 11073 11080 11096 11133 11160 11205 11208 11214 11233 11246 11247 11275 11287 11299 11389 11411 11416 11422 11424 11430 11433 11437 11446 11452 11454 11463 11469 11477 11505 11539 11555 11558 11573 11577 11626 11638 11639 11671 11678 11688 11701 11708 11744 11759 11763 11798 11813 11845 11849 11853 11863 11865 11875 11879 11885 11888 11896 11905 11920 11995 12002 12005 12025 12032 12039 12043 12077 12141 12172 12181 12199 12201 12203 12211 12219 12226 12230 12257 12309 12314 12322 12328 12330 12331 12356 12376 12406 12415 12421 12424 12429 12437 12448 12453 12483 12495 12530 12532 12536 12548 12601 12606 12613 12629 12663 12670 12728 12733 12752 12754 12773 12794 12812 12815 12866 12882 12890 12906 12925 12929 12948 12979 12985 12997 13007 13024 13030 13031 13033 13148 13155 13163 13172 13188 13217 13228 13229 13232 13239 13271 13299 13319 13323 13338 13374 13386 13414 13422 13432 13445 13452 13461 13480 13500 13508 13526 13528 13596 13609 13624 13627 13628 13644 13684 13696 13711 13722 13724 13755 13788 13795 13802 13806 13811 13820 13836 13855 13863 13867 13879 13906 13958 13966 13991 14018 14034 14045 14048 14050 14063 14067 14079 14085 14165 14175 14200 14207 14225 14245 14251 14319 14330 14337 14350 14352 14355 14359 14367 14369 14371 14397 14422 14474 14486 14492 14494 14503 14519 14533 14565 14568 14588 14606 14638 14640 14642 14653 14656 14680 14697 14752 14756 14764 14811 14824 14825 14840 14855 14878 14887 14894 14907 14911 14921 14967 14979 14993 15009 15044 15059 15063 15067 15072 15077 15078 15149 15152 15161 15168 15186 15189 15206 15212 15223 15229 15233 15265 15274 15280 15287 15304 15309 15316 15317 15326 15342 15355 15417 15429 15432 15450 15468 15472 15484 15498 15502 15518 15524 15536 15561 15580 15612 15616 15640 15644 15646 15668 15681 15682 15685 15688 15709 15711 15717 15726 15731 15747 15768 15784 15814 15816 15818 15859 15865 15911 15931 15962 15972 15985 16007 16012 16037 16051 16056 16057 16058 16060 16079 16091 16113 16130 16136 16158 16163 16180 16204 16209 16211 16218 16256 16271 16279 16289 16294 16310 16338 16343 16362 16364 16367 16423 16453 16459 16461 16472 16482 16502 16503 16521 16528 16544 16571 16586 16611 16626 16639 16645 16647 16659 16674 16690 16716 16719 16723 16729 16763 16776 16783 16788 16800 16826 16864 16896 16917 16918 16921 16981 16982 17009 17026 17060 17094 17111 17115 17125 17160 17175 17181 17187 17203 17217 17243 17249 17252 17279 17364 17372 17373 17404 17407 17440 17457 17472 17487 17532 17544 17546 17558 17576 17580 17586 17616 17624 17634 17670 17692 17705 17710 17719 17747 17768 17796 17801 17805 17819 17841 17844 17895 17911 17925 17946 17956 17991 18057 18094 18101 18109 18110 18147 18169 18171 18182 18198 18242 18258 18270 18276 18340 18365 18374 18464 18480 18492 18543 18563 18565 18566 18577 18587 18606 18610 18648 18664 18703 18706 18727 18752 18757 18766 18771 18784 18785 18818 18831 18868 18875 18890 18909 18925 18934 18952 18967 18970 18980 18999 19010 19017 19020 19029 19039 19040 19046 19053 19059 19061 19063 19079 19105 19107 19123 19129 19158 19176 19181 19206 19214 19241 19266 19268 19275 19292 19322 19328 19331 19344 19352 19369 19395 19440 19442 19450 19451 19473 19491 19514 19517 19536 19545 19559 19577 19583 19611 19614 19640 19649 19658 19667 19670 19671 19684 19685 19694 19708 19714 19718 19748 19755 19796 19798 19799 19817 19837 19845 19938 19953 19956 19987 20032 20035 20042 20060 20063 20082 20086 20114 20134 20141 20143 20152 20168 20206 20212 20237 20269 20283 20325 20331 20358 20407 20410 20414 20417 20420 20424 20428 20431 20460 20474 20489 20511 20558 20570 20572 20573 20599 20606 20615 20638 20649 20655 20668 20683 20685 20715 20720 20739 20744 20758 20776 20785 20796 20805 20834 20857 20863 20864 20887 20897 20898 20911 20919 20932 20990 21053 21070 21077 21086 21092 21099 21109 21113 21147 21154 21162 21164 21175 21190 21205 21211 21236 21239 21266 21277 21278 21279 21282 21299 21301 21322 21330 21347 21356 21363 21365 21377 21379 21389 21457 21464 21470 21474 21483 21490 21535 21536 21547 21577 21583 21587 21600 21605 21613 21625 21628 21630 21633 21652 21666 21704 21725 21753 21771 21785 21798 21810 21814 21817 21825 21837 21849 21850 21870 21875 21942 21949 21983 22005 22026 22038 22107 22115 22118 22163 22173 22192 22235 22249 22287 22302 22305 22310 22333 22334 22348 22365 22375 22402 22433 22442 22457 22491 22515 22522 22558 22559 22575 22582 22588 22599 22602 22603 22616 22623 22651 22654 22699 22715 22743 22745 22752 22792 22797 22832 22839 22843 22851 22864 22871 22889 22894 22904 22914 22937 22949 22962 22969 22977 22980 22987 23018 23028 23029 23061 23087 23103 23105 23127 23129 23150 23163 23166 23169 23176 23204 23206 23230 23237 23243 23246 23254 23265 23266 23270 23273 23276 23281 23350 23411 23417 23435 23441 23453 23467 23470 23473 23477 23507 23534 23559 23566 23568 23573 23619 23640 23651 23664 23673 23678 23694 23725 23731 23741 23749 23776 23827 23838 23843 23858 23890 23906 23914 23918 23934 23958 23975 23980 24007 24008 24106 24107 24109 24114 24118 24129 24132 24163 24165 24166 24167 24170 24181 24198 24201 24211 24215 24216 24224 24232 24249 24259 24286 24315 24319 24323 24378 24380 24389 24415 24425 24427 24429 24463 24468 24475 24476 24490 24499 24501 24504 24508 24513 24550 24553 24563 24597 24607 24663 24668 24697 24714 24716 24740 24743 24756 24759 24771 24779 24803 24820 24822 24833 24835 24836 24873 24881 24882 24909 24915 24930 24934 24944 24951 24959 24970 24982 24993 24994 25008 25020 25029 25054 25057 25065 25076 25108 25113 25152 25170 25184 25191 25202 25229 25240 25253 25273 25281 25289 25296 25302 25308 25330 25339 25356 25362 25368 25396 25398 25442 25453 25462 25464 25491 25504 25522 25524 25533 25543 25564 25571 25598 25608 25611 25642 25654 25668 25701 25719 25726 25729 25735 25737 25762 25776 25781 25785 25796 25800 25805 25809 25817 25820 25825 25841 25843 25851 25863 25874 25888 25889 25912 25913 25921 25926 25956 25975 25976 25981 25995 25996 26012 26071 26085 26092 26095 26100 26126 26149 26177 26197 26214 26217 26237 26254 26255 26256 26258 26281 26295 26308 26321 26331 26353 26365 26366 26369 26378 26425 26426 26449 26458 26472 26484 26495 26504 26509 26524 26526 26537 26547 26571 26584 26586 26612 26617 26657 26666 26676 26681 26699 26703 26737 26738 26744 26745 26751 26760 26777 26791 26794 26797 26798 26799 26802 26811 26813 26816 26821 26822 26823 26840 26858 26886 26900 26901 26910 26914 26920 26924 26927 26937 26966 26982 26989 27000 27007 27031 27035 27040 27053 27061 27076 27081 27104 27137 27144 27147 27162 27187 27191 27221 27241 27244 27273 27289 27304 27306 27319 27321 27323 27330 27334 27339 27364 27382 27393 27406 27412 27413 27416 27418 27421 27428 27437 27439 27451 27463 27506 27543 27547 27556 27557 27560 27585 27612 27633 27702 27748 27756 27784 27800 27804 27807 27809 27826 27849 27854 27881 27923 27925 27930 27935 27945 27953 28000 28016 28029 28031 28053 28075 28081 28118 28128 28130 28142 28160 28190 28197 28212 28227 28243 28265 28288 28310 28346 28354 28360 28384 28440 28447 28449 28464 28478 28501 28517 28554 28590 28603 28622 28632 28633 28644 28679 28713 28751 28772 28780 28788 28804 28817 28829 28868 28873 28910 28920 28931 28942 28993 29005 29015 29017 29021 29056 29060 29078 29100 29103 29139 29146 29158 29198 29214 29277 29288 29299 29336 29345 29379 29417 29419 29434 29459 29470 29473 29481 29519 29536 29540 29541 29600 29622 29626 29667 29668 29672 29704 29705 29709 29710 29734 29739 29741 29752 29766 29784 29801 29819 29860 29890 29893 29894 29904 29919 29927 29935 29937 29951 29960 29977 29994 29999 30018 30055 30057 30074 30076 30086 30121 30138 30141 30144 30153 30160 30199 30203 30209 30212 30240 30272 30280 30298 30305 30310 30311 30317 30328 30331 30358 30361 30385 30412 30464 30478 30481 30496 30499 30527 30534 30547 30564 30591 30599 30601 30612 30621 30651 30666 30671 30683 30684 30699 30716 30768 30772 30786 30797 30798 30802 30808 30823 30840 30844 30852 30863 30909 30919 30937 30938 30943 30948 30956 30971 30996 31061 31072 31091 31112 31132 31154 31158 31170 31177 31197 31204 31214 31221 31246 31249 31261 31282 31284 31310 31330 31338 31343 31346 31350 31352 31412 31432 31450 31453 31461 31474 31476 31486 31519 31540 31556 31561 31566 31567 31636 31639 31642 31648 31654 31656 31661 31682 31700 31717 31735 31752 31775 31797 31810 31813 31833 31835 31844 31878 31884 31913 31929 31942 31952 32003 32005 32006 32084 32091 32093 32107 32130 32132 32134 32135 32142 32157 32160 32186 32191 32201 32254 32267 32279 32286 32302 32340 32357 32381 32402 32420 32447 32473 32494 32505 32519 32542 32604 32625 32648 32663 32675 32733 32756 32759 32775 32792 32799 32814 32819 32822 32834 32844 32933 32941 32964 32978 32985 33010 33015 33021 33025 33028 33055 33073 33075 33082 33084 33124 33143 33167 33184 33210 33219 33227 33230 33251 33253 33261 33266 33298 33315 33324 33335 33342 33364 33379 33390 33402 33431 33437 33462 33492 33494 33496 33504 33525 33534 33547 33549 33554 33565 33576 33621 33623 33625 33658 33664 33715 33726 33739 33748 33787 33798 33817 33867 33890 33899 33926 33945 33952 33959 33971 33975 33987 34002 34014 34015 34029 34047 34055 34065 34073 34074 34076 34113 34126 34147 34160 34210 34230 34237 34248 34256 34278 34292 34298 34306 34341 34396 34438 34439 34446
