# Anzahl der Knoten
1000
# Knoten mit Gewichten
0 491.0
1 280.0
2 -26.0
3 -260.0
4 257.0
5 -848.0
6 -6.0
7 -982.0
8 -67.0
9 229.0
10 -966.0
11 -594.0
12 -677.0
13 446.0
14 -816.0
15 -407.0
16 -760.0
17 575.0
18 -89.0
19 -830.0
20 -31.0
21 -721.0
22 -725.0
23 196.0
24 3.0
25 -375.0
26 -756.0
27 -16.0
28 -572.0
29 491.0
30 -258.0
31 -322.0
32 -622.0
33 -110.0
34 306.0
35 -397.0
36 -750.0
37 -240.0
38 410.0
39 431.0
40 -720.0
41 -256.0
42 201.0
43 427.0
44 310.0
45 -723.0
46 -373.0
47 296.0
48 126.0
49 -496.0
50 -589.0
51 40.0
52 100.0
53 536.0
54 -643.0
55 -288.0
56 -945.0
57 32.0
58 -86.0
59 -901.0
60 -462.0
61 223.0
62 191.0
63 94.0
64 338.0
65 -22.0
66 -636.0
67 -401.0
68 -159.0
69 18.0
70 -524.0
71 3.0
72 -149.0
73 419.0
74 410.0
75 -138.0
76 21.0
77 -298.0
78 -411.0
79 471.0
80 -740.0
81 511.0
82 387.0
83 52.0
84 -423.0
85 -73.0
86 -552.0
87 -50.0
88 -696.0
89 -815.0
90 -833.0
91 109.0
92 216.0
93 164.0
94 567.0
95 -365.0
96 593.0
97 -404.0
98 -748.0
99 567.0
100 -762.0
101 -166.0
102 4.0
103 -683.0
104 -930.0
105 -148.0
106 88.0
107 354.0
108 -553.0
109 -961.0
110 -92.0
111 -762.0
112 216.0
113 505.0
114 -61.0
115 -777.0
116 -388.0
117 -295.0
118 465.0
119 369.0
120 302.0
121 491.0
122 136.0
123 -285.0
124 -710.0
125 -582.0
126 156.0
127 492.0
128 431.0
129 -934.0
130 523.0
131 -52.0
132 298.0
133 -413.0
134 -656.0
135 -994.0
136 -507.0
137 135.0
138 -995.0
139 249.0
140 -741.0
141 -208.0
142 -103.0
143 401.0
144 202.0
145 197.0
146 424.0
147 -19.0
148 -637.0
149 312.0
150 -355.0
151 -345.0
152 551.0
153 -495.0
154 -54.0
155 -277.0
156 -609.0
157 340.0
158 112.0
159 534.0
160 15.0
161 -15.0
162 -992.0
163 563.0
164 -251.0
165 -991.0
166 -123.0
167 -54.0
168 -629.0
169 65.0
170 -587.0
171 550.0
172 69.0
173 2.0
174 -49.0
175 -208.0
176 -514.0
177 -965.0
178 159.0
179 -876.0
180 70.0
181 -110.0
182 15.0
183 -351.0
184 -956.0
185 -167.0
186 443.0
187 40.0
188 -275.0
189 167.0
190 490.0
191 498.0
192 317.0
193 201.0
194 -715.0
195 437.0
196 -514.0
197 489.0
198 353.0
199 485.0
200 -226.0
201 -592.0
202 -732.0
203 -145.0
204 -863.0
205 4.0
206 408.0
207 408.0
208 -548.0
209 -839.0
210 -576.0
211 -219.0
212 -152.0
213 508.0
214 -880.0
215 -328.0
216 448.0
217 377.0
218 458.0
219 288.0
220 139.0
221 237.0
222 269.0
223 -823.0
224 232.0
225 331.0
226 479.0
227 -524.0
228 -980.0
229 -486.0
230 530.0
231 505.0
232 -779.0
233 281.0
234 118.0
235 582.0
236 278.0
237 -202.0
238 -490.0
239 287.0
240 -225.0
241 -986.0
242 366.0
243 219.0
244 -206.0
245 587.0
246 -786.0
247 -434.0
248 -522.0
249 -312.0
250 -491.0
251 -268.0
252 346.0
253 -813.0
254 -799.0
255 13.0
256 -548.0
257 449.0
258 -725.0
259 23.0
260 -876.0
261 -212.0
262 -28.0
263 347.0
264 -528.0
265 497.0
266 -973.0
267 -923.0
268 -182.0
269 294.0
270 200.0
271 -59.0
272 -496.0
273 -14.0
274 466.0
275 114.0
276 -592.0
277 166.0
278 -993.0
279 -632.0
280 -939.0
281 -580.0
282 -235.0
283 555.0
284 -845.0
285 538.0
286 -607.0
287 -572.0
288 329.0
289 250.0
290 -138.0
291 -715.0
292 -135.0
293 6.0
294 -806.0
295 -432.0
296 -536.0
297 526.0
298 143.0
299 -47.0
300 -229.0
301 344.0
302 -103.0
303 450.0
304 123.0
305 -273.0
306 547.0
307 -649.0
308 -924.0
309 -232.0
310 -886.0
311 178.0
312 6.0
313 17.0
314 -575.0
315 355.0
316 -125.0
317 -289.0
318 -540.0
319 389.0
320 529.0
321 -468.0
322 -349.0
323 478.0
324 -276.0
325 -408.0
326 -609.0
327 -180.0
328 486.0
329 -181.0
330 554.0
331 252.0
332 204.0
333 270.0
334 -457.0
335 -879.0
336 -786.0
337 176.0
338 -892.0
339 -313.0
340 95.0
341 -501.0
342 303.0
343 -987.0
344 -213.0
345 469.0
346 -453.0
347 -921.0
348 300.0
349 -184.0
350 428.0
351 -742.0
352 154.0
353 299.0
354 -37.0
355 -872.0
356 3.0
357 -882.0
358 -793.0
359 -563.0
360 -640.0
361 83.0
362 25.0
363 578.0
364 546.0
365 122.0
366 -28.0
367 259.0
368 -188.0
369 -937.0
370 -437.0
371 -26.0
372 -84.0
373 158.0
374 -908.0
375 -906.0
376 -443.0
377 -917.0
378 -424.0
379 -649.0
380 -48.0
381 -169.0
382 -443.0
383 217.0
384 -387.0
385 -71.0
386 57.0
387 -415.0
388 -614.0
389 -916.0
390 -530.0
391 -391.0
392 -475.0
393 268.0
394 -535.0
395 -132.0
396 235.0
397 453.0
398 52.0
399 300.0
400 303.0
401 -406.0
402 -930.0
403 -794.0
404 -837.0
405 239.0
406 -232.0
407 -533.0
408 309.0
409 -379.0
410 484.0
411 -62.0
412 -171.0
413 -944.0
414 306.0
415 -149.0
416 -656.0
417 -789.0
418 -773.0
419 -488.0
420 -423.0
421 -384.0
422 -2.0
423 -926.0
424 93.0
425 -747.0
426 -122.0
427 -697.0
428 245.0
429 -748.0
430 -778.0
431 -848.0
432 -607.0
433 -378.0
434 -822.0
435 -923.0
436 577.0
437 -928.0
438 165.0
439 -285.0
440 516.0
441 -76.0
442 62.0
443 -964.0
444 -262.0
445 82.0
446 -750.0
447 536.0
448 175.0
449 -457.0
450 297.0
451 382.0
452 -711.0
453 345.0
454 -433.0
455 -579.0
456 -588.0
457 525.0
458 -186.0
459 -638.0
460 -696.0
461 -94.0
462 193.0
463 332.0
464 82.0
465 43.0
466 -785.0
467 151.0
468 -803.0
469 185.0
470 567.0
471 -623.0
472 365.0
473 -904.0
474 -513.0
475 -776.0
476 -41.0
477 -111.0
478 -210.0
479 168.0
480 452.0
481 -290.0
482 260.0
483 98.0
484 396.0
485 -509.0
486 -902.0
487 133.0
488 -374.0
489 -521.0
490 218.0
491 -227.0
492 209.0
493 -873.0
494 160.0
495 365.0
496 522.0
497 313.0
498 -746.0
499 -672.0
500 -366.0
501 -332.0
502 600.0
503 -769.0
504 -744.0
505 -689.0
506 343.0
507 -592.0
508 100.0
509 -802.0
510 152.0
511 -47.0
512 164.0
513 133.0
514 423.0
515 -557.0
516 -381.0
517 285.0
518 -128.0
519 562.0
520 -925.0
521 494.0
522 -200.0
523 -638.0
524 -754.0
525 -167.0
526 -20.0
527 247.0
528 -616.0
529 277.0
530 466.0
531 -513.0
532 -89.0
533 599.0
534 -169.0
535 580.0
536 -642.0
537 548.0
538 329.0
539 -176.0
540 -698.0
541 -147.0
542 -363.0
543 455.0
544 -897.0
545 -188.0
546 291.0
547 -906.0
548 294.0
549 -167.0
550 -332.0
551 -439.0
552 266.0
553 409.0
554 465.0
555 -280.0
556 493.0
557 -950.0
558 131.0
559 -677.0
560 -806.0
561 266.0
562 -356.0
563 -133.0
564 -171.0
565 -374.0
566 212.0
567 343.0
568 -261.0
569 -933.0
570 -647.0
571 54.0
572 -816.0
573 -624.0
574 -881.0
575 -11.0
576 -263.0
577 -794.0
578 425.0
579 578.0
580 -270.0
581 -994.0
582 -457.0
583 222.0
584 -857.0
585 137.0
586 -728.0
587 -166.0
588 496.0
589 -641.0
590 -929.0
591 -650.0
592 110.0
593 435.0
594 -989.0
595 282.0
596 -750.0
597 -987.0
598 483.0
599 -875.0
600 288.0
601 -183.0
602 196.0
603 400.0
604 562.0
605 -189.0
606 159.0
607 -107.0
608 -52.0
609 -937.0
610 -211.0
611 284.0
612 -241.0
613 -410.0
614 -444.0
615 370.0
616 -704.0
617 -561.0
618 -278.0
619 -299.0
620 80.0
621 -952.0
622 -855.0
623 -347.0
624 -977.0
625 -790.0
626 -979.0
627 -768.0
628 596.0
629 -583.0
630 -432.0
631 381.0
632 -614.0
633 -565.0
634 -442.0
635 265.0
636 524.0
637 -12.0
638 -59.0
639 -598.0
640 -256.0
641 220.0
642 414.0
643 -435.0
644 -732.0
645 441.0
646 -630.0
647 43.0
648 -78.0
649 256.0
650 298.0
651 -308.0
652 -298.0
653 -826.0
654 -415.0
655 -41.0
656 -586.0
657 -6.0
658 99.0
659 63.0
660 -213.0
661 178.0
662 -528.0
663 -951.0
664 -688.0
665 449.0
666 39.0
667 -760.0
668 -367.0
669 -669.0
670 -697.0
671 -877.0
672 -269.0
673 -863.0
674 -830.0
675 294.0
676 -14.0
677 57.0
678 144.0
679 348.0
680 319.0
681 -358.0
682 510.0
683 600.0
684 3.0
685 401.0
686 -507.0
687 -669.0
688 -307.0
689 36.0
690 -192.0
691 -526.0
692 -331.0
693 -693.0
694 149.0
695 105.0
696 339.0
697 -210.0
698 -806.0
699 24.0
700 202.0
701 -868.0
702 592.0
703 -228.0
704 -808.0
705 -596.0
706 548.0
707 -836.0
708 -242.0
709 -953.0
710 -272.0
711 560.0
712 -430.0
713 7.0
714 -782.0
715 -153.0
716 -754.0
717 197.0
718 464.0
719 526.0
720 319.0
721 220.0
722 405.0
723 -923.0
724 371.0
725 -195.0
726 -217.0
727 481.0
728 -548.0
729 -177.0
730 435.0
731 -63.0
732 -431.0
733 84.0
734 -40.0
735 220.0
736 -359.0
737 -741.0
738 402.0
739 -585.0
740 -344.0
741 -25.0
742 -663.0
743 502.0
744 236.0
745 -81.0
746 342.0
747 -977.0
748 -820.0
749 -904.0
750 0.0
751 -553.0
752 -542.0
753 -790.0
754 418.0
755 -725.0
756 -424.0
757 -119.0
758 589.0
759 -873.0
760 -609.0
761 599.0
762 101.0
763 -338.0
764 -60.0
765 -310.0
766 352.0
767 -713.0
768 -55.0
769 -5.0
770 -2.0
771 555.0
772 128.0
773 47.0
774 -537.0
775 -222.0
776 267.0
777 -552.0
778 83.0
779 -871.0
780 -314.0
781 -69.0
782 382.0
783 -408.0
784 -871.0
785 -276.0
786 -391.0
787 394.0
788 -533.0
789 -167.0
790 553.0
791 39.0
792 -902.0
793 -119.0
794 555.0
795 -88.0
796 -478.0
797 123.0
798 -234.0
799 -828.0
800 -691.0
801 19.0
802 -980.0
803 440.0
804 -755.0
805 -654.0
806 -462.0
807 571.0
808 229.0
809 243.0
810 -12.0
811 -327.0
812 -537.0
813 -344.0
814 -432.0
815 -164.0
816 -386.0
817 -9.0
818 -209.0
819 -779.0
820 183.0
821 294.0
822 -161.0
823 497.0
824 -786.0
825 -138.0
826 373.0
827 -188.0
828 -208.0
829 129.0
830 -819.0
831 -502.0
832 597.0
833 322.0
834 -35.0
835 -422.0
836 190.0
837 378.0
838 -447.0
839 -882.0
840 -488.0
841 -385.0
842 -106.0
843 -620.0
844 -840.0
845 131.0
846 -388.0
847 215.0
848 400.0
849 -481.0
850 542.0
851 18.0
852 -8.0
853 -892.0
854 -676.0
855 414.0
856 -698.0
857 208.0
858 203.0
859 -353.0
860 -953.0
861 95.0
862 -212.0
863 165.0
864 -572.0
865 -533.0
866 -18.0
867 -355.0
868 549.0
869 2.0
870 -732.0
871 -199.0
872 -319.0
873 -95.0
874 -890.0
875 390.0
876 -993.0
877 419.0
878 557.0
879 -354.0
880 57.0
881 -647.0
882 -902.0
883 315.0
884 79.0
885 -806.0
886 242.0
887 67.0
888 118.0
889 -213.0
890 -470.0
891 -327.0
892 -102.0
893 -942.0
894 521.0
895 -637.0
896 214.0
897 -702.0
898 -588.0
899 -409.0
900 223.0
901 -836.0
902 329.0
903 -391.0
904 -226.0
905 -904.0
906 506.0
907 482.0
908 -488.0
909 -792.0
910 -546.0
911 401.0
912 -888.0
913 403.0
914 28.0
915 202.0
916 -461.0
917 -805.0
918 142.0
919 -858.0
920 -691.0
921 -671.0
922 350.0
923 -736.0
924 -869.0
925 -270.0
926 422.0
927 76.0
928 554.0
929 -754.0
930 439.0
931 -298.0
932 -325.0
933 -186.0
934 -574.0
935 -624.0
936 472.0
937 593.0
938 -314.0
939 -379.0
940 -97.0
941 144.0
942 -425.0
943 -511.0
944 102.0
945 301.0
946 238.0
947 -6.0
948 -46.0
949 -435.0
950 471.0
951 52.0
952 31.0
953 566.0
954 -590.0
955 -235.0
956 -825.0
957 478.0
958 526.0
959 79.0
960 536.0
961 -406.0
962 -352.0
963 -514.0
964 -232.0
965 195.0
966 -426.0
967 234.0
968 -60.0
969 477.0
970 -395.0
971 -671.0
972 -839.0
973 -261.0
974 -815.0
975 -297.0
976 480.0
977 -732.0
978 318.0
979 -896.0
980 39.0
981 -889.0
982 -760.0
983 542.0
984 380.0
985 7.0
986 560.0
987 -874.0
988 303.0
989 11.0
990 -613.0
991 -198.0
992 -681.0
993 532.0
994 340.0
995 -507.0
996 -675.0
997 -234.0
998 -317.0
999 84.0
# Kanten
193 727
638 87
57 679
753 125
80 147
247 910
15 520
259 352
822 26
694 497
779 6
24 858
448 220
315 170
293 987
145 592
314 705
809 338
272 386
855 112
138 928
359 974
184 826
332 202
447 206
14 366
549 821
510 713
692 509
303 771
141 854
180 6
767 888
996 856
779 129
51 273
948 86
866 775
79 444
527 691
598 297
326 159
986 862
666 518
151 108
457 10
977 147
672 367
121 479
671 513
670 1
321 106
712 731
175 577
15 936
108 665
24 272
533 118
659 614
905 235
242 891
718 556
351 101
288 361
571 889
132 276
619 738
410 228
41 805
126 7
273 673
984 413
127 933
1 923
780 799
612 94
277 608
224 43
526 120
64 78
679 819
866 233
534 838
170 115
840 584
30 175
401 565
326 127
758 371
232 248
601 125
557 268
760 831
111 40
121 925
220 826
775 325
86 798
16 572
297 301
941 937
408 510
611 994
788 83
670 875
774 9
818 236
353 701
515 277
781 511
882 376
598 914
42 574
649 79
882 341
361 547
983 115
817 795
667 887
64 42
897 33
86 949
652 522
831 991
328 885
249 754
214 106
955 958
56 512
739 835
143 334
905 804
164 55
666 401
502 773
815 370
268 150
315 702
620 866
272 261
906 284
374 446
111 845
176 141
507 307
100 501
348 269
268 526
39 678
483 252
608 690
526 511
781 762
813 621
24 436
8 951
400 746
722 187
651 779
233 197
558 105
287 284
230 385
903 31
130 635
85 622
823 633
479 800
683 960
418 985
469 607
41 433
724 467
580 498
601 749
844 6
205 27
729 615
983 67
44 424
135 750
374 755
625 238
889 490
430 948
956 818
313 516
869 163
699 475
621 999
717 990
105 89
826 259
436 572
869 70
366 803
691 866
112 754
641 337
916 820
27 662
821 666
195 665
985 476
752 592
298 385
312 583
197 356
800 336
456 949
99 15
146 223
761 849
112 287
492 201
316 290
314 824
857 712
123 839
970 986
913 854
218 785
509 423
624 626
835 215
291 522
889 981
836 978
496 28
644 641
933 993
485 947
602 554
305 591
367 34
78 197
608 243
635 615
903 349
915 335
190 703
433 774
326 479
187 791
80 571
388 644
754 435
20 240
839 318
743 573
432 952
448 820
538 912
414 695
719 284
235 144
436 674
864 957
194 675
39 591
512 651
838 572
107 841
156 447
213 309
264 419
708 244
805 766
321 832
703 491
977 249
885 548
597 956
732 615
516 656
308 839
700 660
209 723
595 529
517 632
557 296
214 701
76 192
825 874
115 664
287 619
85 665
881 203
988 882
338 45
294 139
151 541
848 485
741 132
280 275
57 967
442 130
834 367
912 718
715 711
57 58
245 381
762 102
103 896
978 717
725 448
519 544
493 672
37 17
896 787
852 550
559 676
890 880
420 447
929 377
897 514
236 249
269 522
244 966
817 195
496 467
772 147
107 733
209 230
676 20
488 410
803 486
844 914
56 577
252 903
973 386
701 303
40 721
23 398
98 416
586 245
628 483
77 615
249 15
674 298
347 296
897 168
859 804
684 656
645 551
224 33
437 859
781 566
27 130
8 307
505 953
871 853
518 319
265 899
998 117
261 442
983 975
316 883
467 595
950 518
874 635
968 586
170 742
891 383
987 613
15 347
247 847
476 854
561 819
632 650
74 649
448 918
839 905
972 735
120 643
428 425
36 986
705 249
823 957
675 368
719 693
974 877
646 150
313 648
207 875
135 653
494 475
982 440
490 456
655 643
432 585
929 604
246 629
465 260
465 688
728 12
165 146
785 33
179 69
844 502
128 965
591 226
638 614
649 998
865 388
176 926
255 451
519 742
615 295
810 971
250 968
167 674
73 42
587 189
848 740
823 251
294 455
114 951
165 394
130 201
563 124
458 813
829 81
359 592
356 222
614 684
805 176
223 323
817 344
581 607
506 813
139 775
874 226
91 954
464 311
221 350
463 896
495 404
245 598
390 916
772 361
852 192
40 688
513 34
416 131
264 235
217 971
114 838
987 304
737 63
346 658
39 11
518 477
185 76
31 195
66 837
897 574
214 530
295 607
912 830
654 527
841 518
661 50
763 693
796 454
715 106
67 727
300 521
401 228
346 660
262 65
722 909
918 792
900 589
602 149
144 385
784 957
739 836
99 210
363 922
86 926
722 995
226 413
887 819
596 853
251 248
354 416
104 980
484 491
374 368
951 166
848 165
621 640
916 150
572 171
168 633
307 883
362 248
265 730
385 489
269 452
796 909
379 675
115 693
449 348
206 388
615 105
952 64
708 286
302 830
647 142
801 643
164 973
842 449
939 716
151 556
41 553
684 365
482 869
126 793
528 219
642 376
218 181
571 480
291 365
526 370
806 610
249 95
230 843
385 71
546 431
832 341
495 772
968 670
799 487
623 364
531 119
58 255
736 816
440 403
922 870
930 712
731 206
103 5
563 0
107 448
283 364
33 17
510 440
914 589
934 67
109 107
930 983
167 205
183 223
284 864
265 478
390 803
466 987
515 462
904 462
559 868
997 686
671 829
345 390
676 99
229 646
618 725
340 2
754 475
583 903
629 971
790 473
840 212
369 948
923 350
335 516
97 232
27 983
764 812
569 512
207 544
334 988
71 866
25 442
651 867
124 496
672 683
662 890
732 7
911 420
927 891
449 794
605 721
220 122
944 441
338 779
493 688
948 548
339 895
78 406
89 565
901 383
814 74
723 703
488 629
221 989
421 789
894 738
982 234
565 342
422 964
823 522
825 892
493 449
677 987
455 380
552 885
926 60
547 724
372 471
266 702
344 177
551 692
830 905
654 488
976 321
747 599
734 401
521 388
387 33
832 990
928 792
374 909
773 918
724 157
181 652
805 908
249 448
748 655
264 847
704 639
721 729
183 191
751 562
813 941
652 178
260 761
413 614
27 607
571 849
68 712
101 527
727 942
321 9
35 785
424 304
575 96
96 902
923 116
989 251
422 832
974 966
956 369
434 980
974 996
18 202
329 944
167 170
932 345
725 434
550 678
944 194
153 472
477 520
576 714
129 867
99 746
618 848
171 12
310 72
336 750
853 725
318 875
760 81
339 229
363 660
222 221
310 481
268 168
54 709
853 63
186 822
428 723
663 547
197 657
705 598
881 763
404 909
280 333
700 663
399 430
934 175
101 287
231 405
57 2
782 829
772 764
324 359
216 823
885 707
823 841
562 69
281 545
340 732
543 234
648 507
338 68
920 651
197 989
864 366
120 820
327 15
174 604
150 260
237 429
332 569
239 680
650 109
862 743
430 217
989 685
760 363
595 504
696 89
178 635
625 226
556 717
306 708
159 631
409 872
445 462
204 277
785 957
179 109
201 907
419 786
496 611
488 961
168 491
467 730
910 230
678 207
859 655
221 904
210 506
380 896
143 959
851 266
957 724
478 776
813 372
643 720
712 116
441 823
224 870
233 391
531 575
67 594
681 444
404 383
859 477
802 934
996 537
28 472
959 901
480 478
356 948
746 820
462 467
707 457
687 980
294 125
170 463
867 40
899 829
467 264
55 391
972 956
913 182
597 753
452 480
538 714
317 396
749 291
554 743
973 662
876 209
280 823
218 120
194 835
744 324
210 716
269 896
525 579
377 239
480 414
937 160
392 765
618 303
869 207
659 109
743 510
157 13
293 332
178 179
466 124
817 588
41 639
701 361
556 906
998 742
746 948
782 522
915 828
345 246
425 938
215 770
11 157
641 417
242 743
870 234
220 408
127 997
973 519
831 840
790 117
854 438
612 283
984 903
47 346
121 276
520 983
27 736
515 313
487 884
470 249
859 315
571 519
472 313
542 200
688 474
735 424
411 196
707 26
976 732
618 943
487 563
230 96
331 210
611 172
209 859
988 209
826 982
192 495
257 719
992 909
215 125
260 678
258 867
854 98
299 373
305 74
211 224
263 177
221 427
737 706
108 936
779 526
929 866
441 176
286 294
911 268
920 516
135 709
268 139
182 500
161 124
321 820
114 213
902 486
352 305
233 160
600 209
331 619
950 92
510 373
236 937
719 178
72 706
742 487
976 512
714 296
182 819
388 332
499 784
927 36
526 627
437 313
394 27
542 920
910 626
405 631
124 724
301 309
954 283
84 336
598 22
767 730
852 744
180 341
30 587
628 381
73 468
883 400
287 689
909 666
832 484
437 298
253 590
443 264
685 883
529 678
5 467
502 621
464 804
775 619
503 298
634 447
627 362
872 826
805 816
970 873
830 958
125 889
187 708
253 98
360 502
989 844
362 243
518 817
885 868
916 443
168 263
697 1
517 107
506 633
207 376
517 60
884 225
610 600
882 856
300 425
425 491
646 644
272 817
764 515
560 24
594 604
880 296
394 517
248 454
595 467
127 331
961 492
455 31
645 193
205 703
226 53
683 136
62 694
542 567
488 549
503 230
817 393
829 383
2 499
426 118
605 558
553 320
470 219
134 159
328 231
760 144
824 538
58 211
38 171
622 264
223 239
725 951
592 151
807 453
417 652
487 827
70 129
588 792
869 737
204 669
571 342
748 712
371 293
386 896
573 768
836 398
106 353
61 803
682 609
103 252
348 162
79 811
976 150
81 510
342 878
389 267
896 928
418 252
925 802
309 366
996 853
670 415
633 48
321 296
268 217
659 21
865 778
826 947
528 315
248 972
955 504
155 141
22 549
683 781
891 624
151 610
991 990
798 683
932 646
400 878
464 902
590 397
660 204
560 418
519 610
283 912
659 148
439 931
24 746
311 309
979 889
254 568
131 409
495 301
934 774
708 173
333 875
298 753
609 739
43 476
597 659
670 181
869 167
433 323
665 58
950 98
115 498
156 6
662 910
478 877
334 411
543 403
120 5
389 584
214 974
609 898
997 487
218 516
368 791
371 448
900 773
53 702
395 646
794 358
400 595
284 55
145 434
580 630
259 391
539 490
429 716
294 387
339 534
61 708
212 794
480 470
6 267
614 146
821 825
332 616
50 488
215 534
925 510
852 168
235 721
927 223
835 84
407 211
677 924
480 973
642 60
809 962
760 850
343 727
888 961
57 745
145 247
841 693
385 632
995 701
704 249
665 352
387 212
185 113
169 724
799 221
288 108
209 405
573 771
234 625
423 638
783 559
617 223
697 120
928 427
600 927
390 489
155 736
969 332
236 601
546 128
335 645
192 601
441 289
233 911
983 96
544 432
448 74
457 187
175 186
461 593
64 598
97 971
239 212
379 197
45 498
468 92
261 785
952 342
782 516
750 621
926 899
722 36
496 367
857 584
909 231
40 432
652 861
2 171
795 482
238 115
637 588
869 315
737 838
543 37
331 842
868 555
109 631
651 858
295 695
455 53
639 500
82 734
806 641
680 416
808 420
719 778
648 340
126 26
813 371
359 455
986 540
513 515
218 43
563 671
791 873
616 178
584 909
449 48
578 304
450 549
554 245
197 872
209 510
685 704
676 652
563 407
33 708
51 612
179 159
624 867
606 681
800 843
29 383
862 737
251 577
592 994
897 263
582 742
828 74
655 987
464 647
339 313
824 713
587 852
458 886
385 712
98 792
640 284
116 208
120 189
851 42
884 981
574 394
293 446
4 160
49 879
571 533
767 700
512 509
67 964
708 659
181 533
206 617
204 189
710 567
825 411
467 479
672 714
808 967
983 832
353 994
385 756
635 612
999 122
114 410
925 739
969 680
281 486
974 169
853 443
382 789
5 72
802 950
281 913
722 409
432 827
228 843
119 42
994 706
501 520
589 397
210 696
393 160
410 989
260 509
878 601
844 474
147 466
431 217
831 166
378 258
216 413
149 561
934 209
355 979
761 613
841 483
104 510
446 700
960 570
498 721
870 745
522 823
341 570
907 131
774 227
716 616
343 68
229 300
1 205
543 779
319 617
196 551
989 925
262 110
866 419
565 919
469 608
751 647
230 996
155 112
548 738
700 132
630 546
344 660
100 184
64 344
677 897
628 976
23 269
757 665
407 681
390 942
337 897
710 370
546 765
765 861
734 179
583 543
933 139
869 292
913 404
603 193
847 243
400 825
122 909
940 420
474 976
392 209
305 351
950 987
601 954
5 649
113 749
526 283
904 820
157 923
839 659
375 735
378 85
102 290
655 558
534 481
982 672
725 512
282 863
512 548
278 505
791 143
561 495
312 434
277 777
506 331
216 191
317 62
60 207
909 131
151 103
812 427
459 160
8 896
820 494
986 192
677 301
315 388
380 76
117 755
927 999
549 764
489 127
292 855
185 305
268 87
493 327
746 798
662 47
291 1
396 996
164 628
678 548
520 681
985 400
598 212
96 799
800 448
817 527
898 569
796 552
91 594
598 118
310 814
438 442
28 493
599 265
565 542
165 806
714 273
371 437
617 387
773 107
804 209
691 720
488 605
689 217
780 90
240 493
939 439
370 138
798 379
870 936
384 678
653 764
49 506
693 169
182 941
829 924
904 983
693 911
824 555
93 19
24 689
802 546
286 256
601 194
108 556
516 602
123 682
477 875
273 348
471 547
10 583
871 153
560 463
532 682
582 717
590 454
841 448
677 443
756 147
178 143
500 370
122 219
859 29
739 622
853 7
523 411
943 834
741 42
897 651
909 478
734 672
483 621
137 905
378 402
709 482
121 718
425 770
759 788
240 568
93 4
129 192
502 415
796 915
731 325
930 459
921 302
497 426
756 71
732 852
443 333
679 410
630 883
758 667
49 317
818 858
849 648
806 249
190 54
705 755
800 464
77 522
893 951
607 973
561 946
782 683
535 947
529 298
608 426
470 621
382 10
241 72
286 486
572 460
540 393
751 778
301 799
813 973
61 249
112 997
764 483
134 432
62 742
192 73
930 281
138 890
682 167
609 726
702 299
406 606
196 839
687 156
989 16
446 787
255 495
818 262
658 67
545 17
438 541
12 995
940 765
59 733
296 202
25 614
970 883
250 524
925 670
105 108
375 63
21 35
686 552
622 483
494 535
839 495
955 963
549 391
182 651
55 227
983 675
440 82
926 690
677 131
430 610
596 313
448 841
343 778
568 462
628 426
366 166
986 375
75 322
490 766
529 763
709 827
798 862
709 406
368 870
234 521
412 9
730 112
256 694
840 18
333 389
925 750
447 528
661 698
965 537
961 783
29 622
21 354
612 150
566 702
783 351
343 333
601 255
863 670
815 798
87 910
888 664
480 673
831 458
701 600
811 994
322 460
448 105
410 579
115 517
546 374
609 616
679 317
363 844
588 511
386 768
25 518
880 614
448 389
22 682
84 375
11 156
724 106
738 620
418 841
495 6
341 441
591 108
384 187
984 751
355 956
488 796
688 120
305 858
705 600
924 272
234 428
944 769
813 539
299 804
174 778
882 645
201 452
17 618
501 257
362 877
114 202
966 642
378 927
509 149
265 539
430 106
164 41
405 515
77 949
59 249
415 790
638 714
729 636
737 978
271 97
588 688
469 963
257 469
786 705
325 854
458 706
417 763
671 497
243 22
539 221
663 43
616 753
892 363
774 413
515 401
623 731
102 962
221 620
377 442
187 176
52 284
254 611
832 642
172 848
307 148
179 896
744 713
139 814
523 484
242 989
997 412
512 429
771 778
662 213
887 588
390 254
205 655
667 481
831 569
833 507
96 30
200 356
276 150
0 634
108 888
866 807
262 26
79 433
559 788
143 908
135 788
37 176
907 81
770 161
760 762
550 113
508 578
483 2
805 120
525 405
407 928
525 394
824 606
142 820
422 930
85 643
407 507
143 15
778 131
326 887
721 23
733 777
479 534
643 529
183 190
908 77
962 43
401 992
623 517
424 618
675 207
637 173
848 586
699 648
819 731
544 844
153 643
808 792
710 416
187 124
764 211
750 437
842 89
263 649
679 248
656 348
441 438
68 674
173 379
644 209
510 363
775 618
714 606
115 172
871 877
359 834
503 383
456 533
794 388
773 831
99 660
728 483
908 817
191 412
749 332
341 612
543 285
76 695
942 702
621 438
178 247
594 468
123 926
861 197
378 485
193 222
454 168
32 413
16 957
713 49
360 894
515 618
500 727
53 252
120 747
153 830
679 380
516 594
592 160
515 446
267 356
845 964
281 598
213 22
191 919
106 315
820 408
560 159
93 812
764 121
271 73
227 788
404 731
421 322
310 735
716 993
748 56
643 658
557 868
942 701
217 53
569 697
775 786
983 416
583 172
283 695
87 816
164 892
28 763
955 298
752 642
236 275
5 207
819 875
459 383
592 675
750 991
113 522
895 727
996 520
994 460
946 886
716 213
625 102
191 56
405 720
745 617
781 897
427 251
570 687
621 827
249 230
801 88
984 77
158 980
861 963
768 412
191 450
246 125
522 271
593 444
593 549
387 152
178 857
121 757
305 239
787 935
864 815
721 831
555 132
225 104
480 105
289 291
313 39
25 967
945 977
249 893
299 578
97 976
347 91
489 930
933 752
27 441
181 246
279 730
483 740
459 216
872 14
359 982
393 500
974 472
528 426
279 625
656 586
266 764
701 28
496 163
995 620
962 716
291 956
673 60
950 580
252 900
948 178
248 637
21 389
158 84
515 11
421 301
730 192
62 767
987 488
498 973
965 195
446 970
433 995
867 940
644 186
564 839
16 900
558 548
712 815
479 313
760 17
47 756
534 49
400 128
410 49
165 29
286 185
590 111
55 450
16 861
298 208
646 315
688 407
912 378
569 528
221 624
274 855
161 137
650 247
22 301
638 553
541 717
231 474
159 703
693 93
554 418
310 501
635 24
879 677
990 310
750 381
478 773
83 830
667 397
780 833
737 890
478 136
881 920
142 294
504 467
698 917
842 84
245 751
733 590
706 379
242 168
947 745
563 440
211 633
277 937
219 468
928 617
772 71
131 620
605 898
421 674
801 588
203 456
232 553
535 236
39 343
809 749
291 872
391 898
618 925
488 447
184 305
494 591
829 766
173 870
22 762
687 532
114 20
500 52
802 198
558 245
315 897
844 397
469 629
736 769
